#Aegean version 2.0.2-(2018-07-04)
# on dataset: ab6860_J141918.fits
#isl,src   bkg       rms         RA           DEC         RA         err         DEC        err         Peak      err     S_int     err        a    err    b    err     pa   err    flags
#         Jy/beam   Jy/beam                               deg        deg         deg        deg       Jy/beam   Jy/beam    Jy       Jy         ''    ''    ''    ''    deg   deg   ZWNCPES
#============================================================================================================================================================================================
(0142,00) -0.000001  0.001236 14:18:41.61  +40:09:04.93 214.6733868 -1.0000000  40.1513688 -1.0000000  0.007738 -1.000000  0.007738 -1.000000 46.61 -1.00 42.27 -1.00   12.2  -1.0   0000111
(0143,00)  0.000365  0.004295 14:19:58.46  +40:16:26.66 214.9935894  0.0010990  40.2740731  0.0013085  0.024127  0.004007  0.024127  0.004007 46.61 -1.00 42.27 -1.00   12.2  -1.0   0000100
(0002,00) -0.000113  0.003729 14:20:32.65  +39:15:55.74 215.1360625  0.0007049  39.2654824  0.0012361  0.034978  0.005436  0.034978  0.005436 46.61 -1.00 42.27 -1.00   12.2  -1.0   0000100
(0003,00) -0.000113  0.003729 14:20:14.89  +39:16:00.21 215.0620477  0.0011593  39.2667250  0.0017138  0.021330  0.004233  0.021330  0.004233 46.61 -1.00 42.27 -1.00   12.2  -1.0   0000100
(0004,00) -0.000113  0.003729 14:20:02.05  +39:16:08.60 215.0085601  0.0009391  39.2690569  0.0006657  0.027058  0.003728  0.022070  0.004007 45.08  2.27 35.64  3.81  -77.1   0.6   0000000
(0006,00) -0.000113  0.003729 14:20:34.80  +39:17:46.85 215.1449794  0.0005625  39.2963481  0.0003811  0.052741  0.003230  0.094214  0.007244 69.74  1.17 50.46  2.19  -76.1   0.2   0000000
(0007,00) -0.000208  0.006425 14:19:19.92  +39:17:21.64 214.8329811  0.0014835  39.2893436  0.0010890  0.036615  0.006267  0.053048  0.013075 57.82  4.40 49.36  7.91  -81.6   1.2   0000000
(0013,00)  0.000042  0.000719 14:20:33.90  +39:23:33.41 215.1412672  0.0032458  39.3926135  0.0083730  0.004100  0.000653  0.017302  0.006051 114.26 33.11 72.76  8.28   30.0   0.7   0000000
(0015,00)  0.000058  0.001224 14:18:39.94  +39:23:22.83 214.6663965  0.0006875  39.3896744  0.0012315  0.012276  0.001978  0.012276  0.001978 46.61 -1.00 42.27 -1.00   12.2  -1.0   0000100
(0018,00)  0.000058  0.001224 14:18:16.81  +39:23:52.47 214.5700475  0.0005634  39.3979080  0.0013197  0.016636  0.001003  0.036612  0.003127 102.98  5.20 42.09  1.40   11.5   0.0   0000000
(0019,00)  0.000042  0.000719 14:19:41.03  +39:23:56.56 214.9209432  0.0013984  39.3990441  0.0011294  0.003854  0.000705  0.004732  0.001163 53.15  4.05 45.51  6.62  -79.2   1.3   0000000
(0020,00)  0.000058  0.001224 14:18:44.18  +39:23:52.10 214.6840706  0.0010493  39.3978055  0.0012039  0.007174  0.001118  0.007174  0.001118 46.61 -1.00 42.27 -1.00   12.2  -1.0   0000100
(0122,00) -0.000001  0.001236 14:19:01.19  +40:06:49.99 214.7549674  0.0015839  40.1138851  0.0009479  0.007242  0.001225  0.008727  0.002188 53.75  3.29 44.17  7.71  -76.5   1.0   0000000
(0126,00) -0.000001  0.001236 14:18:31.77  +40:07:15.28 214.6323692  0.0007480  40.1209119  0.0007526  0.009146  0.001215  0.008752  0.001368 44.31  2.40 42.54  2.64    3.1   2.2   0000000
(0127,00)  0.000053  0.005418 14:21:52.11  +40:07:27.88 215.4671244  0.0017742  40.1244121  0.0012409  0.028783  0.005251  0.045159  0.012255 60.58  5.37 51.02  9.20  -77.1   1.4   0000000
(0128,00)  0.000005  0.000668 14:19:30.19  +40:07:26.98 214.8758093  0.0021132  40.1241597  0.0018087  0.003480  0.000662  0.005633  0.001705 56.57  8.36 56.36 10.32   17.8  69.4   0000000
(0129,00) -0.000047  0.001251 14:21:49.16  +40:08:16.99 215.4548445  0.0004944  40.1380524  0.0009274  0.014633  0.001072  0.026495  0.002574 88.65  3.77 40.23  1.91    2.8   0.0   0000000
(0131,00)  0.000005  0.000668 14:19:55.38  +40:07:52.62 214.9807488  0.0010299  40.1312819  0.0008252  0.004449  0.000653  0.005160  0.000953 50.95  2.75 44.84  4.41  -75.4   1.0   0000000
(0132,00) -0.000001  0.001236 14:18:15.62  +40:07:46.25 214.5650833  0.0006800  40.1295144  0.0003148  0.016311  0.001231  0.012091  0.001257 43.09  0.78 33.89  2.34  -77.9   0.3   0000000
(0133,00) -0.000001  0.001236 14:18:27.07  +40:07:55.21 214.6128073  0.0007427  40.1320038  0.0005811  0.010051  0.001212  0.009053  0.001281 45.49  1.69 39.00  2.50  -78.3   0.6   0000000
(0134,00)  0.000278  0.006047 14:18:08.09  +40:08:07.35 214.5337012  0.0044056  40.1353756  0.0016819  0.038816  0.005323  0.100374  0.041309 98.81  3.56 51.55 19.92  -78.4   0.4   0000000
(0041,00)  0.000042  0.000719 14:20:35.13  +39:27:38.13 215.1463669  0.0012495  39.4605909  0.0013205  0.003685  0.000653  0.003685  0.000653 46.61 -1.00 42.27 -1.00   12.2  -1.0   0000100
(0042,00)  0.000042  0.000719 14:19:52.55  +39:27:38.25 214.9689647  0.0007976  39.4606250  0.0008221  0.005113  0.000710  0.005021  0.000829 45.33  2.81 42.68  2.75   16.2   1.7   0000000
(0049,00)  0.000097  0.001264 14:21:43.61  +39:29:55.35 215.4317229  0.0013935  39.4987095  0.0024332  0.007219  0.001024  0.024608  0.005206 108.58 13.56 61.84  5.88   17.3   0.2   0000000
(0051,00) -0.000085  0.005743 14:17:53.58  +39:30:37.29 214.4732522  0.0012962  39.5103590  0.0013793  0.031042  0.005683  0.039198  0.009786 54.20  6.25 45.89  5.72    7.1   0.9   0000000
(0053,00)  0.000042  0.000719 14:19:51.05  +39:32:26.00 214.9627262  0.0004960  39.5405568  0.0004021  0.010386  0.000689  0.011493  0.000919 47.27  1.24 46.12  1.66   11.2   1.9   0000000
(0053,01)  0.000042  0.000719 14:19:46.34  +39:32:17.85 214.9430730  0.0004961  39.5382906  0.0004020  0.009541  0.000689  0.010470  0.000899 52.61  1.23 41.09  1.65   13.2   1.6   0000000
(0056,00)  0.000058  0.001224 14:18:52.47  +39:32:29.02 214.7186107  0.0010498  39.5413935  0.0007757  0.008906  0.001125  0.013703  0.002193 61.66  2.72 49.15  4.32  -81.8   0.5   0000000
(0057,00) -0.000051  0.005384 14:22:06.85  +39:32:32.07 215.5285438  0.0026738  39.5422407  0.0011769  0.030362  0.004073  0.113848  0.036373 131.32  4.46 56.25 16.20  -78.2   0.3   0000000
(0058,00)  0.000097  0.001264 14:21:23.22  +39:33:34.45 215.3467317  0.0000255  39.5595695  0.0000267  0.278143  0.001203  0.311561  0.001551 48.21  0.08 45.77  0.08    9.3   0.1   0000000
(0059,00)  0.000042  0.000719 14:20:06.73  +39:35:09.16 215.0280535  0.0008652  39.5858787  0.0007597  0.005417  0.000699  0.006361  0.001001 49.47  2.45 46.76  3.51  -73.4   1.8   0000000
(0060,00) -0.000085  0.005743 14:17:26.90  +39:38:23.47 214.3620881  0.0014278  39.6398519  0.0012670  0.028562  0.005446  0.028562  0.005446 46.61 -1.00 42.27 -1.00   12.2  -1.0   0000100
(0081,00)  0.000272  0.003630 14:17:30.31  +39:46:17.14 214.3762802  0.0010544  39.7714287  0.0017828  0.021726  0.003269  0.042781  0.008695 81.92  8.79 47.35  4.00   11.2   0.2   0000000
(0082,00)  0.000055  0.003702 14:22:25.30  +39:47:28.24 215.6054232  0.0008937  39.7911778  0.0009245  0.024394  0.003639  0.026391  0.004814 47.27  3.42 45.08  3.43    8.0   2.2   0000000
(0083,00)  0.000272  0.003630 14:17:53.88  +39:47:38.23 214.4744827  0.0003088  39.7939531  0.0003265  0.065209  0.003484  0.070422  0.004331 48.00  1.02 44.32  0.96   11.4   0.4   0000000
(0088,00)  0.000010  0.000636 14:21:45.41  +39:50:10.85 215.4392106  0.0010052  39.8363472  0.0012022  0.003844  0.000625  0.004584  0.000953 53.71  5.13 43.74  3.83   12.7   0.6   0000000
(0089,00)  0.000272  0.003630 14:17:27.28  +39:50:10.56 214.3636610  0.0010852  39.8362673  0.0008785  0.028067  0.003448  0.038974  0.006084 57.51  2.57 47.56  4.06  -77.0   0.6   0000000
(0089,01)  0.000272  0.003630 14:17:23.92  +39:51:13.76 214.3496602  0.0010853  39.8538229  0.0008783  0.030994  0.003448  0.056444  0.007853 63.20  2.61 56.76  4.12    8.4   0.5   0000000
(0090,00)  0.000055  0.003702 14:22:39.23  +39:51:12.80 215.6634599  0.0008492  39.8535563  0.0003582  0.064120  0.003630  0.077507  0.006643 53.50  0.99 44.51  2.74  -77.8   0.3   0000000
(0092,00)  0.000272  0.003630 14:17:29.58  +39:52:59.81 214.3732410  0.0011749  39.8832793  0.0013036  0.024629  0.003164  0.055248  0.009492 68.04  5.72 64.94  5.01  -85.0   3.0   0000000
(0093,00)  0.000272  0.003630 14:17:40.09  +39:52:57.85 214.4170252  0.0011178  39.8827366  0.0012630  0.020202  0.003320  0.020202  0.003320 46.61 -1.00 42.27 -1.00   12.2  -1.0   0000100
(0094,00)  0.000055  0.003702 14:22:38.43  +39:53:24.73 215.6601369  0.0012905  39.8902035  0.0012787  0.020568  0.003544  0.020568  0.003544 46.61 -1.00 42.27 -1.00   12.2  -1.0   0000100
(0095,00)  0.000055  0.003702 14:22:31.99  +39:53:31.11 215.6332908  0.0007723  39.8919744  0.0007294  0.032981  0.003417  0.049453  0.006356 57.34  2.98 51.51  2.85  -85.9   0.8   0000000
(0098,00)  0.000005  0.000668 14:20:38.73  +39:55:02.18 215.1613726  0.0003264  39.9172728  0.0003469  0.021694  0.001184  0.025434  0.001600 49.75  1.09 46.42  1.04   11.0   0.5   0000000
(0099,00)  0.000053  0.005418 14:22:31.51  +39:55:23.72 215.6312773  0.0013284  39.9232546  0.0017961  0.027809  0.005369  0.039221  0.010889 62.07 10.13 44.76  5.14   12.0   0.5   0000000
(0061,00)  0.000015  0.000351 14:20:03.09  +39:38:40.52 215.0128916  0.0010372  39.6445884  0.0014512  0.002273  0.000392  0.002273  0.000392 46.61 -1.00 42.27 -1.00   12.2  -1.0   0000100
(0065,00)  0.000272  0.003630 14:17:30.75  +39:39:54.79 214.3781206  0.0011563  39.6652186  0.0011031  0.020191  0.003282  0.020191  0.003282 46.61 -1.00 42.27 -1.00   12.2  -1.0   0000100
(0067,00)  0.000055  0.003702 14:22:29.05  +39:40:09.89 215.6210285  0.0012346  39.6694140  0.0010348  0.020870  0.003690  0.021377  0.004881 46.30  3.71 43.58  5.24  -79.9   2.6   0000000
(0068,00)  0.000010  0.000661 14:19:18.97  +39:40:35.67 214.8290211  0.0002077  39.6765741  0.0002266  0.017281  0.000635  0.018388  0.000775 48.14  0.70 43.54  0.63   12.9   0.2   0000000
(0069,00)  0.000272  0.003630 14:17:25.97  +39:40:41.07 214.3581925  0.0011270  39.6780752  0.0008421  0.024692  0.003515  0.030535  0.005601 51.97  2.80 46.87  4.80  -74.1   1.3   0000000
(0070,00)  0.000055  0.003702 14:22:38.11  +39:41:22.15 215.6587959  0.0006146  39.6894853  0.0014716  0.029110  0.002991  0.066899  0.008749 104.07  6.41 43.50  2.28    7.6   0.0   0000000
(0071,00)  0.000010  0.000636 14:21:20.16  +39:41:08.47 215.3340000  0.0004672  39.6856870  0.0004243  0.008247  0.000606  0.009306  0.000789 48.79  1.25 45.56  1.52  -71.9   0.8   0000000
(0072,00)  0.000015  0.000351 14:20:36.56  +39:42:10.30 215.1523287  0.0010760  39.7028598  0.0014511  0.001913  0.000350  0.002068  0.000490 50.80  5.96 41.92  3.97   14.7   0.7   0000000
(0073,00)  0.000010  0.000636 14:21:25.58  +39:43:29.62 215.3565740  0.0001103  39.7248936  0.0000993  0.036899  0.000576  0.052065  0.000942 54.93  0.31 50.60  0.36  -79.2   0.1   0000000
(0074,00)  0.000015  0.000351 14:19:58.64  +39:43:29.60 214.9943275  0.0007674  39.7248885  0.0008420  0.002599  0.000343  0.002836  0.000448 49.14  2.87 43.76  2.81    9.2   0.8   0000000
(0075,00)  0.000010  0.000636 14:20:55.76  +39:43:36.94 215.2323244  0.0011872  39.7269276  0.0013222  0.003304  0.000561  0.003304  0.000561 46.61 -1.00 42.27 -1.00   12.2  -1.0   0000100
(0077,00)  0.000055  0.003702 14:22:33.29  +39:45:33.70 215.6387241  0.0009047  39.7593612  0.0017030  0.022871  0.003317  0.044854  0.008645 81.68  8.31 47.29  3.59    7.4   0.1   0000000
(0078,00)  0.000272  0.003630 14:17:24.96  +39:45:37.79 214.3540164  0.0010398  39.7604983  0.0009503  0.023925  0.003398  0.023925  0.003398 46.61 -1.00 42.27 -1.00   12.2  -1.0   0000100
(0079,00)  0.000010  0.000661 14:18:58.98  +39:46:38.32 214.7457420  0.0000186  39.7773114  0.0000223  0.192400  0.000617  0.239732  0.000886 54.26  0.07 45.23  0.06   10.5   0.0   0000000
(0080,00)  0.000015  0.000351 14:19:55.89  +39:46:15.25 214.9828695  0.0012420  39.7709019  0.0008346  0.002380  0.000329  0.003637  0.000683 63.03  3.00 47.77  5.63  -77.9   0.5   0000000
(0021,00)  0.000058  0.001224 14:18:24.12  +39:23:54.74 214.6004806  0.0006119  39.3985375  0.0005940  0.008837  0.001226  0.005256  0.000818 34.65  1.52 33.81  1.87   15.0   3.5   0000000
(0027,00)  0.000097  0.001264 14:21:46.70  +39:25:42.64 215.4445884  0.0002808  39.4285107  0.0002073  0.032764  0.001178  0.043175  0.001899 56.23  0.62 46.17  1.05  -76.8   0.2   0000000
(0027,01)  0.000097  0.001264 14:21:42.23  +39:25:01.32 215.4259772  0.0002809  39.4170326  0.0002072  0.013187  0.001178  0.008400  0.000793 37.07  0.54 33.85  0.91  -57.5   0.1   0000000
(0028,00)  0.000058  0.001224 14:18:39.22  +39:24:57.98 214.6634006  0.0006526  39.4161060  0.0007509  0.009787  0.001200  0.009353  0.001334 47.09  2.41 39.97  2.07   16.1   0.5   0000000
(0031,00)  0.000058  0.001224 14:18:29.63  +39:25:22.00 214.6234436  0.0010185  39.4227778  0.0009338  0.008659  0.001333  0.009053  0.001681 50.06  3.35 41.14  3.26    8.3   0.4   0000000
(0031,01)  0.000058  0.001224 14:18:34.31  +39:26:16.29 214.6429749  0.0010183  39.4378577  0.0009341  0.007563  0.001333  0.025711  0.004898 144.56  3.27 46.33  3.18   15.1   0.2   0000000
(0036,00)  0.000097  0.001264 14:21:15.24  +39:27:04.54 215.3135063  0.0010370  39.4512610  0.0015350  0.008578  0.001193  0.012983  0.002385 61.50  5.79 48.48  3.60   -0.0   0.5   0000000
(0036,01)  0.000097  0.001264 14:21:18.65  +39:27:42.21 215.3277255  0.0010367  39.4617240  0.0015352  0.007843  0.001193  0.007739  0.001651 45.85  5.69 42.39  3.54  -79.1   0.7   0000000
(0038,00)  0.000042  0.000719 14:20:09.44  +39:27:42.54 215.0393207  0.0002117  39.4618164  0.0002197  0.018941  0.000689  0.020345  0.000853 47.17  0.68 44.85  0.67    7.1   0.5   0000000
(0039,00)  0.000058  0.001224 14:18:19.07  +39:27:28.55 214.5794408  0.0006700  39.4579299  0.0008707  0.010121  0.001130  0.014496  0.001933 59.75  3.19 47.22  2.33   -1.4   0.3   0000000
(0040,00)  0.000097  0.001264 14:21:47.42  +39:27:41.73 215.4475636  0.0008505  39.4615910  0.0005723  0.010418  0.001245  0.009715  0.001477 47.54  1.60 38.64  3.39  -78.1   0.5   0000000
(0101,00)  0.000053  0.005418 14:22:14.09  +39:58:10.66 215.5587152  0.0008485  39.9696277  0.0007596  0.043676  0.005064  0.062619  0.008774 54.89  2.57 51.45  3.26  -74.4   1.4   0000000
(0102,00)  0.000053  0.005418 14:22:24.24  +40:00:16.88 215.6009881  0.0013673  40.0046887  0.0012101  0.029492  0.005370  0.031936  0.007683 47.17  4.48 45.22  5.66    7.6   4.2   0000000
(0103,00) -0.000047  0.001251 14:21:47.36  +40:01:40.69 215.4473402  0.0008137  40.0279707  0.0011741  0.009552  0.001096  0.020016  0.002904 75.87  5.12 54.40  3.15   12.9   0.2   0000000
(0104,00) -0.000001  0.001236 14:18:19.55  +40:03:10.95 214.5814567  0.0005934  40.0530420  0.0005401  0.012082  0.001202  0.011918  0.001372 45.04  1.66 43.13  1.92  -79.7   1.6   0000000
(0105,00)  0.000005  0.000668 14:20:30.52  +40:03:26.54 215.1271827  0.0004484  40.0573731  0.0004587  0.008159  0.000652  0.007955  0.000734 44.75  1.42 42.93  1.44    8.3   1.3   0000000
(0106,00) -0.000047  0.001251 14:21:39.90  +40:03:26.32 215.4162518  0.0014242  40.0573122  0.0020194  0.006591  0.001225  0.012088  0.003555 66.47 12.03 54.35  7.54    9.1   1.1   0000000
(0107,00) -0.000001  0.001236 14:18:43.24  +40:03:43.02 214.6801688  0.0011592  40.0619494  0.0020371  0.007299  0.001068  0.018494  0.003803 94.46 10.72 52.84  4.72   15.2   0.2   0000000
(0111,00) -0.000001  0.001236 14:19:07.88  +40:04:31.43 214.7828498  0.0008725  40.0753973  0.0009454  0.008607  0.001193  0.010819  0.001851 51.77  3.94 47.83  3.12   10.6   1.3   0000000
(0113,00) -0.000001  0.001236 14:18:42.16  +40:05:22.80 214.6756723  0.0009838  40.0896659  0.0013568  0.007319  0.001205  0.009861  0.002138 58.12  6.70 45.67  3.72    9.7   0.5   0000000
(0115,00) -0.000047  0.001251 14:21:22.19  +40:08:02.65 215.3424711  0.0007703  40.1340703  0.0004605  0.014708  0.001183  0.017399  0.001800 54.60  1.34 42.68  2.57  -77.3   0.3   0000000
(0115,01) -0.000047  0.001251 14:21:33.08  +40:07:52.29 215.3878403  0.0007701  40.1311908  0.0004609  0.014496  0.001183  0.011075  0.001239 40.27  1.34 37.37  2.58   12.1   0.2   0000000
(0115,02) -0.000047  0.001251 14:21:27.58  +40:08:15.50 215.3649272  0.0007702  40.1376382  0.0004607  0.011772  0.001183  0.013978  0.001651 50.74  1.34 46.09  2.58  -78.7   0.3   0000000
(0115,03) -0.000047  0.001251 14:21:24.74  +40:06:51.19 215.3530699  0.0007703  40.1142202  0.0004606  0.011511  0.001183  0.018815  0.002184 61.17  1.35 52.64  2.59   10.5   0.2   0000000
(0115,04) -0.000047  0.001251 14:21:34.37  +40:06:49.90 215.3931936  0.0007701  40.1138598  0.0004609  0.010391  0.001183  0.008336  0.001160 45.11  1.35 35.03  2.60    9.5   0.2   0000000
(0115,05) -0.000047  0.001251 14:21:28.93  +40:06:16.44 215.3705442  0.0007702  40.1045675  0.0004607  0.008412  0.001183  0.006506  0.001064 45.04  1.37 33.82  2.63    4.5   0.2   0000000
(0115,06) -0.000047  0.001251 14:21:26.71  +40:05:23.68 215.3612772  0.0007702  40.0899125  0.0004607  0.006797  0.001183  0.032491  0.005943 201.89  1.36 46.64  2.60  -81.3   0.8   0000000
(0117,00) -0.000047  0.001251 14:21:45.06  +40:05:52.87 215.4377565  0.0006002  40.0980188  0.0005686  0.009038  0.001253  0.005246  0.000808 33.81  1.43 33.81  1.76   15.5   9.0   0000000
(0118,00) -0.000001  0.001236 14:18:16.36  +40:06:28.56 214.5681490  0.0030460  40.1079346  0.0007457  0.011766  0.001002  0.029980  0.008771 111.50  1.47 45.01 12.59  -78.3   0.2   0000000
