#Aegean version 2.0.2-(2018-07-04)
# on dataset: NVSS_J141918.fits
#isl,src   bkg       rms         RA           DEC         RA         err         DEC        err         Peak      err     S_int     err        a    err    b    err     pa   err    flags
#         Jy/beam   Jy/beam                               deg        deg         deg        deg       Jy/beam   Jy/beam    Jy       Jy         ''    ''    ''    ''    deg   deg   ZWNCPES
#============================================================================================================================================================================================
(0041,00) -0.000003  0.000521 14:19:10.02  +40:04:08.29 214.7917662  0.0004202  40.0689704  0.0004338  0.007289  0.000496  0.008614  0.000586 49.75  0.06 48.10  0.06   -2.3   1.4   0000000
(0042,00)  0.000135  0.000466 14:17:28.43  +40:06:56.80 214.3684660  0.0010895  40.1157768  0.0010599  0.002914  0.000419  0.002944  0.000423 45.45 -1.00 45.00 -1.00  -90.0  -1.0   0000100
(0043,00)  0.000008  0.000513 14:20:30.95  +40:08:12.14 215.1289464  0.0003027  40.1367069  0.0002634  0.011054  0.000479  0.014208  0.000621 54.30  0.22 47.94  0.18   78.1   0.3   0000000
(0044,00)  0.000008  0.000513 14:20:10.47  +40:09:19.15 215.0436344  0.0011769  40.1553189  0.0010544  0.002987  0.000456  0.003017  0.000461 45.45 -1.00 45.00 -1.00   90.0  -1.0   0000100
(0045,00)  0.000036  0.000374 14:21:24.34  +40:09:33.86 215.3514149  0.0008947  40.1594058  0.0008939  0.002564  0.000326  0.002590  0.000330 45.45 -1.00 45.00 -1.00   90.0  -1.0   0000100
(0046,00)  0.000008  0.000513 14:21:04.65  +40:10:23.52 215.2693851  0.0000474  40.1731994  0.0000523  0.063948  0.000495  0.071568  0.000554 47.97  0.00 47.24  0.00  -89.0   0.4   0000000
(0047,00) -0.000003  0.000521 14:18:42.28  +40:10:12.56 214.6761629  0.0006338  40.1701544  0.0005569  0.005591  0.000482  0.008136  0.000701 57.24  0.09 51.48  0.08  -87.8   0.7   0000000
(0021,00) -0.000008  0.000538 14:18:51.50  +39:44:28.12 214.7145978  0.0008828  39.7411434  0.0010190  0.003683  0.000526  0.004530  0.000801 53.65  4.06 46.42  3.34    3.7   0.8   0000000
(0022,00) -0.000008  0.000538 14:18:58.82  +39:46:38.70 214.7450801  0.0000137  39.7774165  0.0000161  0.215871  0.000503  0.265187  0.000618 53.19  0.00 46.77  0.00    2.0   0.0   0000000
(0023,00)  0.000036  0.000486 14:17:32.16  +39:46:17.98 214.3840060 -1.0000000  39.7716622 -1.0000000  0.002547 -1.000000  0.002573 -1.000000 45.45 -1.00 45.00 -1.00   -0.0  -1.0   0010101
(0024,00)  0.000036  0.000486 14:18:04.44  +39:47:03.40 214.5185086  0.0002055  39.7842774  0.0002047  0.013843  0.000463  0.015513  0.000601 47.70  0.66 47.58  0.66    0.3   8.8   0000000
(0025,00) -0.000048  0.000549 14:17:53.40  +39:47:41.92 214.4725042  0.0000258  39.7949764  0.0000256  0.124466  0.000523  0.138374  0.000671 47.45  0.08 47.45  0.08   85.3 102.7   0000000
(0026,00) -0.000048  0.000549 14:17:37.39  +39:47:57.18 214.4057845  0.0005288  39.7992168  0.0004249  0.006570  0.000530  0.006798  0.000640 49.52  1.32 42.32  1.72   89.9   0.4   0000000
(0027,00) -0.000029  0.000517 14:20:54.43  +39:49:24.82 215.2268069  0.0006523  39.8235620  0.0005759  0.005298  0.000493  0.006895  0.000775 53.87  2.01 48.92  2.49   83.4   0.8   0000000
(0028,00) -0.000048  0.000549 14:17:56.39  +39:49:58.15 214.4849688  0.0008962  39.8328185  0.0009564  0.004078  0.000535  0.005093  0.000834 52.91  3.50 47.80  3.46  -12.3   1.2   0000000
(0029,00) -0.000048  0.000549 14:17:44.72  +39:50:13.12 214.4363322  0.0003768  39.8369771  0.0003472  0.008896  0.000529  0.009808  0.000684 48.47  1.14 46.07  1.29  -85.4   0.8   0000000
(0030,00) -0.000029  0.000517 14:20:21.62  +39:50:22.35 215.0900944  0.0010301  39.8395416  0.0012285  0.003047  0.000467  0.003077  0.000472 45.45 -1.00 45.00 -1.00   -0.0  -1.0   0000100
(0031,00) -0.000048  0.000549 14:17:42.12  +39:53:19.36 214.4255050  0.0013408  39.8887100  0.0014531  0.003005  0.000521  0.003035  0.000526 45.45 -1.00 45.00 -1.00   -0.0  -1.0   0000101
(0032,00) -0.000033  0.000525 14:21:16.08  +39:53:53.24 215.3169869  0.0013925  39.8981213  0.0007405  0.004012  0.000506  0.005981  0.001208 67.12  3.21 44.98  6.76   87.4   0.5   0000000
(0033,00) -0.000029  0.000517 14:20:39.03  +39:55:05.14 215.1626457  0.0001121  39.9180937  0.0001038  0.028510  0.000486  0.034310  0.000678 51.04  0.33 47.74  0.36  -89.9   0.2   0000000
(0034,00) -0.000033  0.000525 14:21:19.78  +39:55:24.34 215.3324139  0.0003288  39.9234273  0.0002933  0.009831  0.000503  0.010825  0.000645 49.55  0.93 45.00  1.08   88.6   0.4   0000000
(0035,00)  0.000009  0.000473 14:18:47.56  +39:59:50.69 214.6981781  0.0007096  39.9974134  0.0007772  0.004501  0.000462  0.006297  0.000651 54.67  0.45 51.82  0.53   -8.5   1.5   0000000
(0036,00) -0.000033  0.000525 14:21:34.79  +40:00:08.81 215.3949543  0.0004795  40.0024461  0.0005331  0.006330  0.000501  0.007698  0.000710 51.66  1.80 47.67  1.53  -19.4   0.7   0000000
(0037,00)  0.000009  0.000473 14:19:26.25  +40:01:01.11 214.8593932 -1.0000000  40.0169756 -1.0000000  0.002532 -1.000000  0.002557 -1.000000 45.45 -1.00 45.00 -1.00   90.0  -1.0   0000111
(0038,00) -0.000048  0.000549 14:18:28.50  +40:01:59.99 214.6187354  0.0002519  40.0333309  0.0002265  0.013309  0.000526  0.014522  0.000576 48.99  0.13 45.10  0.11  -81.0   0.4   0000000
(0039,00)  0.000008  0.000513 14:20:30.36  +40:03:35.52 215.1265146  0.0002583  40.0598677  0.0002519  0.011496  0.000495  0.011960  0.000515 46.45  0.04 45.36  0.04   87.6   1.3   0000000
(0040,00) -0.000003  0.000521 14:18:51.65  +40:03:36.15 214.7152033  0.0008837  40.0600423  0.0008132  0.004086  0.000516  0.004948  0.000625 50.48  0.06 48.57  0.05  -89.2   2.8   0000000
(0001,00)  0.000085  0.000437 14:17:14.16  +39:13:09.88 214.3089933  0.0002133  39.2194120  0.0002083  0.011911  0.000422  0.012561  0.000445 46.46  0.02 45.96  0.02  -88.9   2.2   0000000
(0002,00) -0.000020  0.000463 14:17:04.52  +39:19:13.61 214.2688214  0.0002259  39.3204477  0.0002015  0.012658  0.000442  0.014183  0.000574 49.54  0.64 45.80  0.73  -89.7   0.3   0000000
(0003,00)  0.000074  0.000533 14:21:43.36  +39:22:05.32 215.4306703  0.0007228  39.3681434  0.0005820  0.005301  0.000498  0.007505  0.000864 58.71  2.01 48.83  2.78   84.5   0.5   0000000
(0004,00)  0.000016  0.000492 14:17:56.72  +39:24:41.21 214.4863436  0.0003741  39.4114465  0.0003887  0.008033  0.000455  0.011107  0.000629 54.07  0.07 51.78  0.07   -3.4   0.9   0000000
(0005,00) -0.000028  0.000506 14:19:08.25  +39:25:29.74 214.7843887  0.0003686  39.4249289  0.0003543  0.008279  0.000483  0.009542  0.000557 49.14  0.10 47.50  0.09   85.4   1.2   0000000
(0006,00) -0.000005  0.000525 14:20:09.31  +39:27:39.49 215.0388075  0.0000824  39.4609683  0.0000815  0.036931  0.000503  0.039753  0.000543 46.96  0.03 46.42  0.03  -83.1   0.8   0000000
(0007,00)  0.000074  0.000533 14:21:48.10  +39:29:08.78 215.4503972  0.0004996  39.4857719  0.0004813  0.006417  0.000516  0.007067  0.000668 48.01  1.57 46.45  1.74   85.1   1.8   0000000
(0008,00) -0.000028  0.000506 14:19:51.19  +39:32:22.93 214.9632801  0.0002894  39.5397020  0.0001474  0.021444  0.000642  0.023788  0.000712 47.95  0.02 46.85  0.01   88.5   0.8   0000000
(0008,01) -0.000028  0.000506 14:19:46.66  +39:32:22.22 214.9444375  0.0002894  39.5395067  0.0001474  0.021328  0.000642  0.025668  0.000773 51.94  0.04 46.92  0.02  -87.3   0.9   0000000
(0009,00) -0.000020  0.000463 14:17:02.27  +39:32:45.77 214.2594451  0.0002993  39.5460465  0.0003225  0.010110  0.000511  0.011443  0.000670 49.57  1.05 46.24  0.96   -6.0   0.5   0000000
(0010,00)  0.000133  0.000525 14:21:23.55  +39:33:31.75 215.3481126  0.0000081  39.5588207  0.0000081  0.378906  0.000511  0.407507  0.000634 47.04  0.03 46.30  0.03  -89.3   0.1   0000000
(0011,00) -0.000051  0.000535 14:17:11.57  +39:34:02.38 214.2982006  0.0006647  39.5673273  0.0007977  0.004468  0.000532  0.004728  0.000691 49.34  3.20 43.43  2.36   11.3   0.6   0000000
(0012,00) -0.000035  0.000483 14:20:06.32  +39:35:04.57 215.0263496  0.0003244  39.5846040  0.0002923  0.009624  0.000454  0.012342  0.000686 52.86  0.95 49.13  1.14  -88.1   0.5   0000000
(0013,00) -0.000035  0.000483 14:20:03.07  +39:38:51.39 215.0127937  0.0004948  39.6476096  0.0005545  0.005977  0.000439  0.009345  0.000813 58.72  2.00 53.92  1.73   -8.2   0.6   0000000
(0014,00) -0.000051  0.000535 14:16:51.67  +39:38:57.15 214.2152925  0.0001873  39.6492070  0.0002209  0.017523  0.000446  0.035025  0.001025 70.61  0.75 57.32  0.56  -22.9   0.1   0000000
(0015,00)  0.000036  0.000486 14:18:28.66  +39:39:31.47 214.6194210  0.0011357  39.6587404  0.0011704  0.002890  0.000442  0.002919  0.000447 45.45 -1.00 45.00 -1.00   -0.0  -1.0   0000100
(0016,00) -0.000008  0.000538 14:19:18.85  +39:40:36.73 214.8285451  0.0002066  39.6768703  0.0001928  0.016108  0.000506  0.019617  0.000616 51.03  0.02 48.32  0.02  -88.1   0.4   0000000
(0017,00)  0.000133  0.000525 14:21:20.71  +39:41:10.15 215.3362881  0.0002202  39.6861538  0.0002262  0.013929  0.000497  0.016366  0.000676 49.09  0.72 48.46  0.71   -2.2   1.9   0000000
(0018,00)  0.000036  0.000486 14:18:01.97  +39:41:51.47 214.5082176  0.0002322  39.6976303  0.0002136  0.012697  0.000464  0.014078  0.000596 48.79  0.68 46.02  0.75   89.3   0.5   0000000
(0019,00) -0.000035  0.000483 14:20:36.47  +39:42:07.60 215.1519505  0.0005385  39.7021115  0.0005108  0.005745  0.000460  0.007320  0.000705 51.96  1.82 49.66  1.99   88.1   1.3   0000000
(0020,00)  0.000133  0.000525 14:21:26.17  +39:43:30.49 215.3590578  0.0000791  39.7251349  0.0000634  0.047626  0.000452  0.082522  0.000920 66.04  0.20 53.13  0.27  -78.3   0.0   0000000
