####################################################################
# synthetic light curve dataset
#
# Downloaded from http://cosmo.nyu.edu/afterglowlibrary
#
# reference: van Eerten, H., Zhang, W., MacFadyen, A. 2010 ApJ, 722, 235
#
# Observer parameters:
#   redshift, z: 0
#   luminosity distance, d_L: 1e28 cm
#   observer angle, theta_obs: 8.000e-01 rad
#   observer frequency, nu_obs: 8.460e+09 Hz
#
# jet dynamics parameters:
#   energy in both jets, E_jets: 2e51 erg
#   jet half opening angle, theta_jet: 0.2 rad
#   isotropic equivalent explosion energy, E_iso: 1e53 erg
#   circumburst number density, n: 1 cm^-3
#
# Radiation settings:
#   thermal energy fraction in magnetic field, epsilon_B: 0.1
#   thermal energy fraction in accelerated electrons, epsilon_E: 0.1
#   accelerated electron distribution power law slope, p: 2.5
#
# corresponding hdf5 file: vla0d80.h5
#
####################################################################
# listed quantities left to right:
# - observer time in days
# - monochromatic flux in mJy
# - monochromatic flux in mJy, forward jet only
4.00733e+01  2.29072e-02  2.29072e-02
4.02300e+01  2.34068e-02  2.34068e-02
4.03872e+01  2.38953e-02  2.38953e-02
4.05448e+01  2.44047e-02  2.44047e-02
4.07028e+01  2.49335e-02  2.49335e-02
4.08612e+01  2.54560e-02  2.54560e-02
4.10201e+01  2.59767e-02  2.59767e-02
4.11794e+01  2.64669e-02  2.64669e-02
4.13391e+01  2.69857e-02  2.69857e-02
4.14992e+01  2.75337e-02  2.75337e-02
4.16597e+01  2.81249e-02  2.81249e-02
4.18207e+01  2.86885e-02  2.86885e-02
4.19821e+01  2.92601e-02  2.92601e-02
4.21440e+01  2.98523e-02  2.98523e-02
4.23062e+01  3.03963e-02  3.03963e-02
4.24689e+01  3.09848e-02  3.09848e-02
4.26321e+01  3.15649e-02  3.15649e-02
4.27956e+01  3.21363e-02  3.21363e-02
4.29597e+01  3.27970e-02  3.27970e-02
4.31241e+01  3.34541e-02  3.34541e-02
4.32890e+01  3.41800e-02  3.41800e-02
4.34543e+01  3.48630e-02  3.48630e-02
4.36201e+01  3.54944e-02  3.54944e-02
4.37863e+01  3.61029e-02  3.61029e-02
4.39529e+01  3.67276e-02  3.67276e-02
4.41200e+01  3.74001e-02  3.74001e-02
4.42875e+01  3.80461e-02  3.80461e-02
4.44555e+01  3.87158e-02  3.87158e-02
4.46239e+01  3.93821e-02  3.93821e-02
4.47928e+01  4.00721e-02  4.00721e-02
4.49621e+01  4.08092e-02  4.08092e-02
4.51319e+01  4.15486e-02  4.15486e-02
4.53022e+01  4.22811e-02  4.22811e-02
4.54728e+01  4.29979e-02  4.29979e-02
4.56440e+01  4.37018e-02  4.37018e-02
4.58156e+01  4.43880e-02  4.43880e-02
4.59876e+01  4.51438e-02  4.51438e-02
4.61601e+01  4.59494e-02  4.59494e-02
4.63331e+01  4.68164e-02  4.68164e-02
4.65065e+01  4.76743e-02  4.76743e-02
4.66804e+01  4.84424e-02  4.84424e-02
4.68548e+01  4.91864e-02  4.91864e-02
4.70296e+01  4.99631e-02  4.99631e-02
4.72049e+01  5.07749e-02  5.07749e-02
4.73806e+01  5.16100e-02  5.16100e-02
4.75569e+01  5.24095e-02  5.24095e-02
4.77335e+01  5.32270e-02  5.32270e-02
4.79107e+01  5.40847e-02  5.40847e-02
4.80883e+01  5.49796e-02  5.49796e-02
4.82664e+01  5.59236e-02  5.59236e-02
4.84450e+01  5.67774e-02  5.67774e-02
4.86241e+01  5.76382e-02  5.76382e-02
4.88036e+01  5.84400e-02  5.84400e-02
4.89836e+01  5.91549e-02  5.91549e-02
4.91641e+01  5.99924e-02  5.99924e-02
4.93451e+01  6.09403e-02  6.09403e-02
4.95265e+01  6.18795e-02  6.18795e-02
4.97085e+01  6.27645e-02  6.27645e-02
4.98909e+01  6.35555e-02  6.35555e-02
5.00738e+01  6.43928e-02  6.43928e-02
5.02572e+01  6.53653e-02  6.53653e-02
5.04411e+01  6.64524e-02  6.64524e-02
5.06255e+01  6.75369e-02  6.75369e-02
5.08103e+01  6.85360e-02  6.85360e-02
5.09957e+01  6.94959e-02  6.94959e-02
5.11815e+01  7.03995e-02  7.03995e-02
5.13679e+01  7.12516e-02  7.12516e-02
5.15547e+01  7.21252e-02  7.21252e-02
5.17421e+01  7.30636e-02  7.30636e-02
5.19299e+01  7.40847e-02  7.40847e-02
5.21182e+01  7.52567e-02  7.52567e-02
5.23071e+01  7.65060e-02  7.65060e-02
5.24964e+01  7.78268e-02  7.78268e-02
5.26863e+01  7.91454e-02  7.91454e-02
5.28766e+01  8.04724e-02  8.04724e-02
5.30675e+01  8.16683e-02  8.16683e-02
5.32589e+01  8.26783e-02  8.26783e-02
5.34507e+01  8.34051e-02  8.34051e-02
5.36431e+01  8.39492e-02  8.39492e-02
5.38360e+01  8.45889e-02  8.45889e-02
5.40295e+01  8.55291e-02  8.55291e-02
5.42234e+01  8.67262e-02  8.67262e-02
5.44178e+01  8.80871e-02  8.80871e-02
5.46128e+01  8.93955e-02  8.93955e-02
5.48083e+01  9.05888e-02  9.05888e-02
5.50043e+01  9.16436e-02  9.16436e-02
5.52008e+01  9.26530e-02  9.26530e-02
5.53979e+01  9.36223e-02  9.36223e-02
5.55955e+01  9.45482e-02  9.45482e-02
5.57936e+01  9.54378e-02  9.54378e-02
5.59922e+01  9.63504e-02  9.63504e-02
5.61914e+01  9.73727e-02  9.73727e-02
5.63910e+01  9.85690e-02  9.85690e-02
5.65913e+01  9.98471e-02  9.98471e-02
5.67920e+01  1.01115e-01  1.01115e-01
5.69933e+01  1.02245e-01  1.02245e-01
5.71952e+01  1.03243e-01  1.03243e-01
5.73975e+01  1.04150e-01  1.04150e-01
5.76004e+01  1.05048e-01  1.05048e-01
5.78039e+01  1.05992e-01  1.05992e-01
5.80079e+01  1.07108e-01  1.07108e-01
5.82124e+01  1.08519e-01  1.08519e-01
5.84175e+01  1.10039e-01  1.10039e-01
5.86231e+01  1.11528e-01  1.11528e-01
5.88293e+01  1.12726e-01  1.12726e-01
5.90360e+01  1.13635e-01  1.13635e-01
5.92432e+01  1.14361e-01  1.14361e-01
5.94511e+01  1.15268e-01  1.15268e-01
5.96594e+01  1.16616e-01  1.16616e-01
5.98684e+01  1.18388e-01  1.18388e-01
6.00779e+01  1.20311e-01  1.20311e-01
6.02879e+01  1.21952e-01  1.21952e-01
6.04985e+01  1.23014e-01  1.23014e-01
6.07097e+01  1.23726e-01  1.23726e-01
6.09214e+01  1.24443e-01  1.24443e-01
6.11337e+01  1.25517e-01  1.25517e-01
6.13466e+01  1.26895e-01  1.26895e-01
6.15600e+01  1.28347e-01  1.28347e-01
6.17740e+01  1.29646e-01  1.29646e-01
6.19885e+01  1.30937e-01  1.30937e-01
6.22037e+01  1.32337e-01  1.32337e-01
6.24194e+01  1.33994e-01  1.33994e-01
6.26357e+01  1.35644e-01  1.35644e-01
6.28525e+01  1.37149e-01  1.37149e-01
6.30700e+01  1.38353e-01  1.38353e-01
6.32880e+01  1.39515e-01  1.39515e-01
6.35066e+01  1.40834e-01  1.40834e-01
6.37258e+01  1.42327e-01  1.42327e-01
6.39455e+01  1.43928e-01  1.43928e-01
6.41659e+01  1.45550e-01  1.45550e-01
6.43868e+01  1.47092e-01  1.47092e-01
6.46083e+01  1.48438e-01  1.48438e-01
6.48304e+01  1.49559e-01  1.49559e-01
6.50532e+01  1.50681e-01  1.50681e-01
6.52765e+01  1.51937e-01  1.51937e-01
6.55003e+01  1.53202e-01  1.53202e-01
6.57248e+01  1.54452e-01  1.54452e-01
6.59499e+01  1.55651e-01  1.55651e-01
6.61756e+01  1.56785e-01  1.56785e-01
6.64019e+01  1.57966e-01  1.57966e-01
6.66288e+01  1.59177e-01  1.59177e-01
6.68563e+01  1.60498e-01  1.60498e-01
6.70844e+01  1.61843e-01  1.61843e-01
6.73131e+01  1.63134e-01  1.63134e-01
6.75424e+01  1.64410e-01  1.64410e-01
6.77724e+01  1.65506e-01  1.65506e-01
6.80029e+01  1.66593e-01  1.66593e-01
6.82341e+01  1.67594e-01  1.67594e-01
6.84658e+01  1.68646e-01  1.68646e-01
6.86982e+01  1.69784e-01  1.69784e-01
6.89312e+01  1.71081e-01  1.71081e-01
6.91649e+01  1.72473e-01  1.72473e-01
6.93991e+01  1.73883e-01  1.73883e-01
6.96340e+01  1.75272e-01  1.75272e-01
6.98695e+01  1.76734e-01  1.76734e-01
7.01056e+01  1.78389e-01  1.78389e-01
7.03424e+01  1.80113e-01  1.80113e-01
7.05798e+01  1.81734e-01  1.81734e-01
7.08178e+01  1.83168e-01  1.83168e-01
7.10565e+01  1.84505e-01  1.84505e-01
7.12958e+01  1.85952e-01  1.85952e-01
7.15357e+01  1.87333e-01  1.87333e-01
7.17763e+01  1.88731e-01  1.88731e-01
7.20175e+01  1.90193e-01  1.90193e-01
7.22593e+01  1.91735e-01  1.91735e-01
7.25018e+01  1.93505e-01  1.93505e-01
7.27450e+01  1.95373e-01  1.95373e-01
7.29887e+01  1.97128e-01  1.97128e-01
7.32332e+01  1.98610e-01  1.98610e-01
7.34783e+01  1.99868e-01  1.99868e-01
7.37240e+01  2.01103e-01  2.01103e-01
7.39704e+01  2.02478e-01  2.02478e-01
7.42175e+01  2.04129e-01  2.04129e-01
7.44652e+01  2.05984e-01  2.05984e-01
7.47136e+01  2.07821e-01  2.07821e-01
7.49626e+01  2.09461e-01  2.09461e-01
7.52123e+01  2.10855e-01  2.10855e-01
7.54627e+01  2.12138e-01  2.12138e-01
7.57137e+01  2.13458e-01  2.13458e-01
7.59654e+01  2.14767e-01  2.14767e-01
7.62178e+01  2.16129e-01  2.16129e-01
7.64708e+01  2.17410e-01  2.17410e-01
7.67245e+01  2.18679e-01  2.18679e-01
7.69789e+01  2.20039e-01  2.20039e-01
7.72340e+01  2.21478e-01  2.21478e-01
7.74897e+01  2.23119e-01  2.23119e-01
7.77461e+01  2.24868e-01  2.24868e-01
7.80033e+01  2.26573e-01  2.26573e-01
7.82611e+01  2.28052e-01  2.28052e-01
7.85195e+01  2.29304e-01  2.29304e-01
7.87787e+01  2.30393e-01  2.30393e-01
7.90386e+01  2.31493e-01  2.31493e-01
7.92991e+01  2.32778e-01  2.32778e-01
7.95604e+01  2.34376e-01  2.34376e-01
7.98223e+01  2.35996e-01  2.35996e-01
8.00850e+01  2.37505e-01  2.37505e-01
8.03483e+01  2.38795e-01  2.38795e-01
8.06124e+01  2.39915e-01  2.39915e-01
8.08771e+01  2.40995e-01  2.40995e-01
8.11426e+01  2.42055e-01  2.42055e-01
8.14087e+01  2.43017e-01  2.43017e-01
8.16756e+01  2.43979e-01  2.43979e-01
8.19432e+01  2.45076e-01  2.45076e-01
8.22115e+01  2.46420e-01  2.46420e-01
8.24805e+01  2.47917e-01  2.47917e-01
8.27502e+01  2.49505e-01  2.49505e-01
8.30207e+01  2.51134e-01  2.51134e-01
8.32918e+01  2.52590e-01  2.52590e-01
8.35637e+01  2.53913e-01  2.53913e-01
8.38363e+01  2.55192e-01  2.55192e-01
8.41097e+01  2.56670e-01  2.56670e-01
8.43837e+01  2.58146e-01  2.58146e-01
8.46585e+01  2.59667e-01  2.59667e-01
8.49341e+01  2.61062e-01  2.61062e-01
8.52103e+01  2.62410e-01  2.62410e-01
8.54873e+01  2.63906e-01  2.63906e-01
8.57650e+01  2.65455e-01  2.65455e-01
8.60435e+01  2.66927e-01  2.66927e-01
8.63227e+01  2.68143e-01  2.68143e-01
8.66027e+01  2.69140e-01  2.69140e-01
8.68834e+01  2.70056e-01  2.70056e-01
8.71649e+01  2.70952e-01  2.70952e-01
8.74471e+01  2.71865e-01  2.71865e-01
8.77300e+01  2.73037e-01  2.73037e-01
8.80137e+01  2.74154e-01  2.74154e-01
8.82982e+01  2.75583e-01  2.75583e-01
8.85834e+01  2.77023e-01  2.77023e-01
8.88694e+01  2.78818e-01  2.78818e-01
8.91562e+01  2.80709e-01  2.80709e-01
8.94437e+01  2.82581e-01  2.82581e-01
8.97319e+01  2.84132e-01  2.84132e-01
9.00210e+01  2.85396e-01  2.85396e-01
9.03108e+01  2.86427e-01  2.86427e-01
9.06014e+01  2.87732e-01  2.87732e-01
9.08927e+01  2.88879e-01  2.88879e-01
9.11849e+01  2.90147e-01  2.90147e-01
9.14778e+01  2.91629e-01  2.91629e-01
9.17715e+01  2.93237e-01  2.93237e-01
9.20660e+01  2.95064e-01  2.95064e-01
9.23612e+01  2.96790e-01  2.96790e-01
9.26573e+01  2.98467e-01  2.98467e-01
9.29541e+01  3.00048e-01  3.00048e-01
9.32517e+01  3.01818e-01  3.01818e-01
9.35501e+01  3.03641e-01  3.03641e-01
9.38494e+01  3.05458e-01  3.05458e-01
9.41494e+01  3.06830e-01  3.06830e-01
9.44502e+01  3.07986e-01  3.07986e-01
9.47518e+01  3.08667e-01  3.08667e-01
9.50542e+01  3.09471e-01  3.09471e-01
9.53574e+01  3.10317e-01  3.10317e-01
9.56615e+01  3.11450e-01  3.11450e-01
9.59663e+01  3.12621e-01  3.12621e-01
9.62720e+01  3.13930e-01  3.13930e-01
9.65784e+01  3.15182e-01  3.15182e-01
9.68857e+01  3.16628e-01  3.16628e-01
9.71938e+01  3.18098e-01  3.18098e-01
9.75027e+01  3.19432e-01  3.19432e-01
9.78125e+01  3.20965e-01  3.20965e-01
9.81230e+01  3.22384e-01  3.22384e-01
9.84344e+01  3.23831e-01  3.23831e-01
9.87467e+01  3.25029e-01  3.25029e-01
9.90597e+01  3.26153e-01  3.26153e-01
9.93736e+01  3.27392e-01  3.27392e-01
9.96883e+01  3.28602e-01  3.28602e-01
1.00004e+02  3.29371e-01  3.29371e-01
1.00320e+02  3.30322e-01  3.30322e-01
1.00638e+02  3.31001e-01  3.31001e-01
1.00956e+02  3.32103e-01  3.32103e-01
1.01275e+02  3.33021e-01  3.33021e-01
1.01594e+02  3.33959e-01  3.33959e-01
1.01915e+02  3.35083e-01  3.35083e-01
1.02237e+02  3.36189e-01  3.36189e-01
1.02559e+02  3.37637e-01  3.37637e-01
1.02882e+02  3.39100e-01  3.39100e-01
1.03206e+02  3.40812e-01  3.40812e-01
1.03531e+02  3.42323e-01  3.42323e-01
1.03857e+02  3.43393e-01  3.43393e-01
1.04184e+02  3.44246e-01  3.44246e-01
1.04511e+02  3.45391e-01  3.45391e-01
1.04840e+02  3.46763e-01  3.46763e-01
1.05169e+02  3.48358e-01  3.48358e-01
1.05499e+02  3.50098e-01  3.50098e-01
1.05830e+02  3.51575e-01  3.51575e-01
1.06162e+02  3.52790e-01  3.52790e-01
1.06495e+02  3.53721e-01  3.53721e-01
1.06828e+02  3.54597e-01  3.54597e-01
1.07163e+02  3.55595e-01  3.55595e-01
1.07499e+02  3.56979e-01  3.56979e-01
1.07835e+02  3.58694e-01  3.58694e-01
1.08172e+02  3.60362e-01  3.60362e-01
1.08510e+02  3.61639e-01  3.61639e-01
1.08849e+02  3.62731e-01  3.62731e-01
1.09189e+02  3.63729e-01  3.63729e-01
1.09530e+02  3.64684e-01  3.64684e-01
1.09872e+02  3.65616e-01  3.65616e-01
1.10215e+02  3.66724e-01  3.66724e-01
1.10558e+02  3.67781e-01  3.67781e-01
1.10903e+02  3.68715e-01  3.68715e-01
1.11248e+02  3.69752e-01  3.69752e-01
1.11595e+02  3.70752e-01  3.70752e-01
1.11942e+02  3.71497e-01  3.71497e-01
1.12290e+02  3.72101e-01  3.72101e-01
1.12639e+02  3.73084e-01  3.73084e-01
1.12989e+02  3.74553e-01  3.74553e-01
1.13340e+02  3.76144e-01  3.76144e-01
1.13692e+02  3.77177e-01  3.77177e-01
1.14045e+02  3.77739e-01  3.77739e-01
1.14399e+02  3.78005e-01  3.78005e-01
1.14754e+02  3.78352e-01  3.78352e-01
1.15109e+02  3.78803e-01  3.78803e-01
1.15466e+02  3.79264e-01  3.79264e-01
1.15824e+02  3.79702e-01  3.79702e-01
1.16182e+02  3.80220e-01  3.80220e-01
1.16542e+02  3.80389e-01  3.80389e-01
1.16902e+02  3.80758e-01  3.80758e-01
1.17264e+02  3.81447e-01  3.81447e-01
1.17626e+02  3.82705e-01  3.82705e-01
1.17989e+02  3.84320e-01  3.84320e-01
1.18354e+02  3.85711e-01  3.85711e-01
1.18719e+02  3.86759e-01  3.86759e-01
1.19085e+02  3.87527e-01  3.87527e-01
1.19453e+02  3.88177e-01  3.88177e-01
1.19821e+02  3.88745e-01  3.88745e-01
1.20190e+02  3.89306e-01  3.89306e-01
1.20560e+02  3.89454e-01  3.89454e-01
1.20931e+02  3.89462e-01  3.89462e-01
1.21303e+02  3.89699e-01  3.89699e-01
1.21677e+02  3.90268e-01  3.90268e-01
1.22051e+02  3.91400e-01  3.91400e-01
1.22426e+02  3.92643e-01  3.92643e-01
1.22802e+02  3.93874e-01  3.93874e-01
1.23179e+02  3.94909e-01  3.94909e-01
1.23557e+02  3.95909e-01  3.95909e-01
1.23936e+02  3.96985e-01  3.96985e-01
1.24317e+02  3.98074e-01  3.98074e-01
1.24698e+02  3.99063e-01  3.99063e-01
1.25080e+02  3.99927e-01  3.99927e-01
1.25463e+02  4.00660e-01  4.00660e-01
1.25847e+02  4.00996e-01  4.00996e-01
1.26233e+02  4.01012e-01  4.01012e-01
1.26619e+02  4.00811e-01  4.00811e-01
1.27006e+02  4.00844e-01  4.00844e-01
1.27395e+02  4.01362e-01  4.01362e-01
1.27784e+02  4.02267e-01  4.02267e-01
1.28174e+02  4.03147e-01  4.03147e-01
1.28566e+02  4.03879e-01  4.03879e-01
1.28958e+02  4.03583e-01  4.03583e-01
1.29352e+02  4.02540e-01  4.02540e-01
1.29746e+02  4.01558e-01  4.01558e-01
1.30142e+02  4.01419e-01  4.01419e-01
1.30539e+02  4.02579e-01  4.02579e-01
1.30937e+02  4.04527e-01  4.04527e-01
1.31335e+02  4.06103e-01  4.06103e-01
1.31735e+02  4.06670e-01  4.06670e-01
1.32136e+02  4.06279e-01  4.06279e-01
1.32538e+02  4.05307e-01  4.05307e-01
1.32941e+02  4.04997e-01  4.04997e-01
1.33345e+02  4.05580e-01  4.05580e-01
1.33751e+02  4.06587e-01  4.06587e-01
1.34157e+02  4.07213e-01  4.07213e-01
1.34564e+02  4.07594e-01  4.07594e-01
1.34973e+02  4.07845e-01  4.07845e-01
1.35382e+02  4.08612e-01  4.08612e-01
1.35793e+02  4.10001e-01  4.10001e-01
1.36205e+02  4.11262e-01  4.11262e-01
1.36618e+02  4.11538e-01  4.11538e-01
1.37032e+02  4.10950e-01  4.10950e-01
1.37447e+02  4.10241e-01  4.10241e-01
1.37863e+02  4.09864e-01  4.09864e-01
1.38280e+02  4.10207e-01  4.10207e-01
1.38698e+02  4.11176e-01  4.11176e-01
1.39118e+02  4.12048e-01  4.12048e-01
1.39539e+02  4.12486e-01  4.12486e-01
1.39960e+02  4.12843e-01  4.12843e-01
1.40383e+02  4.13236e-01  4.13236e-01
1.40807e+02  4.13663e-01  4.13663e-01
1.41232e+02  4.14230e-01  4.14230e-01
1.41658e+02  4.14540e-01  4.14540e-01
1.42086e+02  4.15084e-01  4.15084e-01
1.42514e+02  4.15853e-01  4.15853e-01
1.42944e+02  4.15877e-01  4.15877e-01
1.43375e+02  4.15897e-01  4.15897e-01
1.43807e+02  4.15693e-01  4.15693e-01
1.44240e+02  4.14896e-01  4.14896e-01
1.44674e+02  4.14815e-01  4.14815e-01
1.45109e+02  4.14874e-01  4.14874e-01
1.45546e+02  4.14644e-01  4.14644e-01
1.45984e+02  4.14693e-01  4.14693e-01
1.46423e+02  4.14520e-01  4.14520e-01
1.46863e+02  4.14532e-01  4.14532e-01
1.47304e+02  4.14908e-01  4.14908e-01
1.47746e+02  4.14691e-01  4.14691e-01
1.48190e+02  4.14374e-01  4.14374e-01
1.48635e+02  4.14113e-01  4.14113e-01
1.49081e+02  4.13535e-01  4.13535e-01
1.49528e+02  4.12926e-01  4.12926e-01
1.49976e+02  4.11619e-01  4.11619e-01
1.50426e+02  4.10162e-01  4.10162e-01
1.50876e+02  4.09546e-01  4.09546e-01
1.51328e+02  4.08857e-01  4.08857e-01
1.51782e+02  4.08479e-01  4.08479e-01
1.52236e+02  4.07789e-01  4.07789e-01
1.52691e+02  4.07261e-01  4.07261e-01
1.53148e+02  4.07395e-01  4.07395e-01
1.53606e+02  4.07255e-01  4.07255e-01
1.54065e+02  4.07317e-01  4.07317e-01
1.54526e+02  4.07717e-01  4.07717e-01
1.54987e+02  4.08409e-01  4.08409e-01
1.55450e+02  4.09345e-01  4.09345e-01
1.55914e+02  4.09906e-01  4.09906e-01
1.56380e+02  4.10367e-01  4.10367e-01
1.56846e+02  4.11066e-01  4.11066e-01
1.57314e+02  4.10986e-01  4.10986e-01
1.57783e+02  4.10572e-01  4.10572e-01
1.58254e+02  4.09743e-01  4.09743e-01
1.58725e+02  4.09028e-01  4.09028e-01
1.59198e+02  4.08442e-01  4.08442e-01
1.59672e+02  4.07685e-01  4.07685e-01
1.60147e+02  4.06531e-01  4.06531e-01
1.60624e+02  4.05176e-01  4.05176e-01
1.61102e+02  4.04256e-01  4.04256e-01
1.61581e+02  4.03885e-01  4.03885e-01
1.62062e+02  4.02956e-01  4.02956e-01
1.62543e+02  4.01862e-01  4.01862e-01
1.63026e+02  4.01089e-01  4.01089e-01
1.63511e+02  4.00566e-01  4.00566e-01
1.63996e+02  4.00219e-01  4.00219e-01
1.64483e+02  3.99666e-01  3.99666e-01
1.64971e+02  3.98282e-01  3.98282e-01
1.65461e+02  3.97194e-01  3.97194e-01
1.65952e+02  3.97128e-01  3.97128e-01
1.66444e+02  3.97562e-01  3.97562e-01
1.66937e+02  3.97184e-01  3.97184e-01
1.67432e+02  3.96307e-01  3.96307e-01
1.67928e+02  3.95607e-01  3.95607e-01
1.68425e+02  3.94934e-01  3.94934e-01
1.68924e+02  3.93843e-01  3.93843e-01
1.69424e+02  3.92334e-01  3.92334e-01
1.69925e+02  3.90936e-01  3.90936e-01
1.70428e+02  3.89650e-01  3.89650e-01
1.70932e+02  3.88619e-01  3.88619e-01
1.71437e+02  3.88521e-01  3.88521e-01
1.71944e+02  3.88674e-01  3.88674e-01
1.72452e+02  3.88396e-01  3.88396e-01
1.72961e+02  3.87533e-01  3.87533e-01
1.73472e+02  3.86185e-01  3.86185e-01
1.73984e+02  3.84121e-01  3.84121e-01
1.74498e+02  3.82007e-01  3.82007e-01
1.75013e+02  3.80227e-01  3.80227e-01
1.75529e+02  3.78756e-01  3.78756e-01
1.76046e+02  3.77319e-01  3.77319e-01
1.76565e+02  3.76127e-01  3.76127e-01
1.77086e+02  3.74918e-01  3.74918e-01
1.77608e+02  3.73134e-01  3.73134e-01
1.78131e+02  3.71322e-01  3.71322e-01
1.78655e+02  3.69882e-01  3.69882e-01
1.79181e+02  3.68528e-01  3.68528e-01
1.79709e+02  3.66910e-01  3.66910e-01
1.80237e+02  3.65735e-01  3.65735e-01
1.80767e+02  3.65100e-01  3.65100e-01
1.81299e+02  3.64686e-01  3.64686e-01
1.81832e+02  3.63905e-01  3.63905e-01
1.82366e+02  3.62763e-01  3.62763e-01
1.82902e+02  3.61349e-01  3.61349e-01
1.83439e+02  3.59612e-01  3.59612e-01
1.83978e+02  3.57915e-01  3.57915e-01
1.84518e+02  3.56373e-01  3.56373e-01
1.85060e+02  3.55541e-01  3.55541e-01
1.85603e+02  3.55401e-01  3.55401e-01
1.86147e+02  3.54850e-01  3.54850e-01
1.86693e+02  3.53404e-01  3.53404e-01
1.87240e+02  3.51440e-01  3.51440e-01
1.87789e+02  3.49491e-01  3.49491e-01
1.88339e+02  3.47438e-01  3.47438e-01
1.88891e+02  3.45225e-01  3.45225e-01
1.89444e+02  3.42995e-01  3.42995e-01
1.89999e+02  3.41359e-01  3.41359e-01
1.90555e+02  3.40316e-01  3.40316e-01
1.91113e+02  3.39019e-01  3.39019e-01
1.91672e+02  3.37587e-01  3.37587e-01
1.92233e+02  3.35760e-01  3.35760e-01
1.92795e+02  3.33338e-01  3.33338e-01
1.93358e+02  3.30679e-01  3.30679e-01
1.93923e+02  3.28648e-01  3.28648e-01
1.94490e+02  3.27770e-01  3.27770e-01
1.95058e+02  3.27681e-01  3.27681e-01
1.95628e+02  3.27370e-01  3.27370e-01
1.96199e+02  3.26622e-01  3.26622e-01
1.96772e+02  3.25053e-01  3.25053e-01
1.97346e+02  3.23096e-01  3.23096e-01
1.97921e+02  3.21327e-01  3.21327e-01
1.98499e+02  3.19142e-01  3.19142e-01
1.99078e+02  3.17155e-01  3.17155e-01
1.99658e+02  3.15642e-01  3.15642e-01
2.00240e+02  3.14372e-01  3.14372e-01
2.00823e+02  3.13015e-01  3.13015e-01
2.01408e+02  3.11304e-01  3.11304e-01
2.01995e+02  3.09428e-01  3.09428e-01
2.02583e+02  3.07592e-01  3.07592e-01
2.03172e+02  3.05902e-01  3.05902e-01
2.03764e+02  3.04081e-01  3.04081e-01
2.04357e+02  3.01780e-01  3.01780e-01
2.04951e+02  2.99898e-01  2.99898e-01
2.05547e+02  2.97884e-01  2.97884e-01
2.06145e+02  2.95682e-01  2.95682e-01
2.06744e+02  2.93402e-01  2.93402e-01
2.07344e+02  2.91079e-01  2.91079e-01
2.07947e+02  2.88851e-01  2.88851e-01
2.08551e+02  2.86664e-01  2.86664e-01
2.09156e+02  2.85116e-01  2.85116e-01
2.09764e+02  2.83976e-01  2.83976e-01
2.10372e+02  2.82763e-01  2.82763e-01
2.10983e+02  2.81586e-01  2.81586e-01
2.11595e+02  2.80289e-01  2.80288e-01
2.12208e+02  2.78318e-01  2.78318e-01
2.12824e+02  2.76265e-01  2.76265e-01
2.13441e+02  2.74528e-01  2.74527e-01
2.14059e+02  2.72862e-01  2.72862e-01
2.14680e+02  2.71441e-01  2.71441e-01
2.15302e+02  2.70009e-01  2.70009e-01
2.15925e+02  2.68368e-01  2.68368e-01
2.16550e+02  2.66710e-01  2.66710e-01
2.17177e+02  2.65163e-01  2.65163e-01
2.17806e+02  2.63669e-01  2.63669e-01
2.18436e+02  2.62321e-01  2.62321e-01
2.19068e+02  2.61081e-01  2.61081e-01
2.19701e+02  2.59370e-01  2.59369e-01
2.20337e+02  2.57631e-01  2.57631e-01
2.20974e+02  2.56183e-01  2.56182e-01
2.21612e+02  2.54471e-01  2.54470e-01
2.22253e+02  2.52464e-01  2.52464e-01
2.22895e+02  2.50308e-01  2.50308e-01
2.23539e+02  2.47795e-01  2.47794e-01
2.24184e+02  2.45442e-01  2.45441e-01
2.24831e+02  2.43425e-01  2.43424e-01
2.25480e+02  2.41250e-01  2.41249e-01
2.26131e+02  2.39343e-01  2.39342e-01
2.26783e+02  2.38134e-01  2.38133e-01
2.27437e+02  2.36872e-01  2.36870e-01
2.28093e+02  2.35167e-01  2.35166e-01
2.28751e+02  2.33775e-01  2.33773e-01
2.29410e+02  2.32439e-01  2.32437e-01
2.30072e+02  2.30398e-01  2.30396e-01
2.30734e+02  2.28326e-01  2.28324e-01
2.31399e+02  2.27085e-01  2.27082e-01
2.32066e+02  2.25765e-01  2.25762e-01
2.32734e+02  2.24007e-01  2.24004e-01
2.33404e+02  2.22480e-01  2.22477e-01
2.34076e+02  2.21053e-01  2.21049e-01
2.34749e+02  2.19092e-01  2.19088e-01
2.35424e+02  2.16862e-01  2.16858e-01
2.36102e+02  2.14883e-01  2.14878e-01
2.36781e+02  2.13238e-01  2.13233e-01
2.37461e+02  2.11094e-01  2.11089e-01
2.38144e+02  2.09532e-01  2.09527e-01
2.38828e+02  2.08478e-01  2.08472e-01
2.39515e+02  2.07013e-01  2.07007e-01
2.40203e+02  2.04935e-01  2.04928e-01
2.40893e+02  2.03113e-01  2.03106e-01
2.41584e+02  2.01915e-01  2.01907e-01
2.42278e+02  2.00465e-01  2.00456e-01
2.42973e+02  1.99008e-01  1.98998e-01
2.43671e+02  1.97536e-01  1.97526e-01
2.44370e+02  1.96167e-01  1.96156e-01
2.45071e+02  1.94236e-01  1.94224e-01
2.45774e+02  1.92002e-01  1.91990e-01
2.46478e+02  1.90251e-01  1.90238e-01
2.47185e+02  1.88737e-01  1.88724e-01
2.47893e+02  1.87436e-01  1.87423e-01
2.48604e+02  1.86024e-01  1.86010e-01
2.49316e+02  1.84628e-01  1.84614e-01
2.50030e+02  1.83057e-01  1.83043e-01
2.50746e+02  1.81132e-01  1.81117e-01
2.51464e+02  1.78991e-01  1.78976e-01
2.52184e+02  1.77296e-01  1.77281e-01
2.52906e+02  1.76202e-01  1.76187e-01
2.53630e+02  1.75169e-01  1.75152e-01
2.54355e+02  1.73722e-01  1.73706e-01
2.55083e+02  1.72132e-01  1.72115e-01
2.55812e+02  1.70295e-01  1.70277e-01
2.56544e+02  1.68424e-01  1.68406e-01
2.57277e+02  1.66812e-01  1.66794e-01
2.58013e+02  1.65161e-01  1.65142e-01
2.58750e+02  1.63718e-01  1.63699e-01
2.59489e+02  1.62362e-01  1.62343e-01
2.60231e+02  1.61288e-01  1.61268e-01
2.60974e+02  1.60336e-01  1.60316e-01
2.61719e+02  1.59301e-01  1.59281e-01
2.62466e+02  1.58076e-01  1.58055e-01
2.63216e+02  1.56748e-01  1.56727e-01
2.63967e+02  1.55199e-01  1.55178e-01
2.64720e+02  1.53519e-01  1.53497e-01
2.65475e+02  1.51871e-01  1.51849e-01
2.66232e+02  1.50666e-01  1.50644e-01
2.66992e+02  1.49296e-01  1.49273e-01
2.67753e+02  1.47844e-01  1.47821e-01
2.68516e+02  1.46475e-01  1.46452e-01
2.69281e+02  1.45178e-01  1.45154e-01
2.70049e+02  1.43855e-01  1.43830e-01
2.70818e+02  1.42520e-01  1.42496e-01
2.71590e+02  1.41177e-01  1.41152e-01
2.72363e+02  1.39889e-01  1.39864e-01
2.73139e+02  1.38664e-01  1.38639e-01
2.73916e+02  1.37439e-01  1.37413e-01
2.74696e+02  1.36138e-01  1.36112e-01
2.75478e+02  1.34988e-01  1.34962e-01
2.76262e+02  1.33715e-01  1.33689e-01
2.77048e+02  1.32562e-01  1.32536e-01
2.77836e+02  1.31463e-01  1.31436e-01
2.78626e+02  1.30206e-01  1.30178e-01
2.79418e+02  1.28641e-01  1.28613e-01
2.80213e+02  1.27018e-01  1.26989e-01
2.81009e+02  1.25439e-01  1.25410e-01
2.81808e+02  1.24083e-01  1.24053e-01
2.82608e+02  1.23026e-01  1.22996e-01
2.83411e+02  1.21877e-01  1.21847e-01
2.84216e+02  1.20483e-01  1.20452e-01
2.85023e+02  1.19158e-01  1.19128e-01
2.85833e+02  1.17964e-01  1.17933e-01
2.86644e+02  1.16875e-01  1.16844e-01
2.87458e+02  1.15779e-01  1.15747e-01
2.88273e+02  1.14585e-01  1.14553e-01
2.89091e+02  1.13338e-01  1.13305e-01
2.89912e+02  1.12310e-01  1.12276e-01
2.90734e+02  1.11095e-01  1.11061e-01
2.91558e+02  1.09775e-01  1.09741e-01
2.92385e+02  1.08704e-01  1.08669e-01
2.93214e+02  1.07824e-01  1.07789e-01
2.94045e+02  1.06788e-01  1.06753e-01
2.94878e+02  1.05597e-01  1.05561e-01
2.95714e+02  1.04346e-01  1.04310e-01
2.96552e+02  1.03293e-01  1.03256e-01
2.97392e+02  1.02473e-01  1.02435e-01
2.98234e+02  1.01539e-01  1.01501e-01
2.99078e+02  1.00334e-01  1.00295e-01
2.99925e+02  9.89680e-02  9.89281e-02
3.00774e+02  9.77328e-02  9.76923e-02
3.01625e+02  9.65882e-02  9.65470e-02
3.02479e+02  9.55165e-02  9.54748e-02
3.03335e+02  9.45979e-02  9.45559e-02
3.04193e+02  9.37272e-02  9.36846e-02
3.05053e+02  9.29058e-02  9.28624e-02
3.05916e+02  9.20805e-02  9.20361e-02
3.06781e+02  9.10995e-02  9.10545e-02
3.07648e+02  9.00060e-02  8.99604e-02
3.08518e+02  8.88898e-02  8.88434e-02
3.09389e+02  8.77987e-02  8.77514e-02
3.10264e+02  8.68175e-02  8.67694e-02
3.11140e+02  8.60260e-02  8.59771e-02
3.12019e+02  8.51097e-02  8.50602e-02
3.12900e+02  8.41777e-02  8.41272e-02
3.13784e+02  8.32505e-02  8.31992e-02
3.14670e+02  8.22405e-02  8.21883e-02
3.15558e+02  8.12840e-02  8.12310e-02
3.16449e+02  8.02470e-02  8.01931e-02
3.17342e+02  7.93596e-02  7.93046e-02
3.18237e+02  7.85488e-02  7.84928e-02
3.19135e+02  7.77262e-02  7.76693e-02
3.20035e+02  7.68696e-02  7.68118e-02
3.20938e+02  7.59170e-02  7.58581e-02
3.21843e+02  7.50302e-02  7.49703e-02
3.22750e+02  7.40633e-02  7.40024e-02
3.23660e+02  7.32468e-02  7.31849e-02
3.24572e+02  7.24057e-02  7.23426e-02
3.25487e+02  7.15369e-02  7.14726e-02
3.26404e+02  7.07458e-02  7.06803e-02
3.27323e+02  6.99363e-02  6.98697e-02
3.28245e+02  6.92483e-02  6.91805e-02
3.29170e+02  6.85346e-02  6.84653e-02
3.30097e+02  6.78005e-02  6.77301e-02
3.31026e+02  6.70636e-02  6.69921e-02
3.31958e+02  6.62547e-02  6.61820e-02
3.32892e+02  6.54489e-02  6.53748e-02
3.33829e+02  6.46528e-02  6.45772e-02
3.34768e+02  6.39191e-02  6.38421e-02
3.35710e+02  6.31680e-02  6.30897e-02
3.36654e+02  6.24198e-02  6.23400e-02
3.37601e+02  6.17922e-02  6.17110e-02
3.38551e+02  6.12118e-02  6.11292e-02
3.39502e+02  6.05440e-02  6.04599e-02
3.40457e+02  5.97616e-02  5.96761e-02
3.41414e+02  5.90266e-02  5.89394e-02
3.42373e+02  5.83131e-02  5.82243e-02
3.43335e+02  5.76755e-02  5.75852e-02
3.44300e+02  5.70848e-02  5.69928e-02
3.45267e+02  5.65270e-02  5.64332e-02
3.46237e+02  5.59412e-02  5.58458e-02
3.47209e+02  5.53087e-02  5.52119e-02
3.48184e+02  5.46153e-02  5.45165e-02
3.49162e+02  5.39739e-02  5.38733e-02
3.50142e+02  5.32707e-02  5.31682e-02
3.51125e+02  5.26557e-02  5.25514e-02
3.52110e+02  5.20349e-02  5.19287e-02
3.53098e+02  5.13749e-02  5.12668e-02
3.54089e+02  5.07957e-02  5.06859e-02
3.55082e+02  5.02203e-02  5.01086e-02
3.56078e+02  4.97086e-02  4.95947e-02
3.57077e+02  4.92086e-02  4.90925e-02
3.58078e+02  4.86419e-02  4.85239e-02
3.59082e+02  4.81217e-02  4.80015e-02
3.60088e+02  4.75459e-02  4.74236e-02
3.61098e+02  4.69117e-02  4.67872e-02
3.62110e+02  4.63050e-02  4.61785e-02
3.63124e+02  4.57046e-02  4.55758e-02
3.64142e+02  4.52722e-02  4.51411e-02
3.65162e+02  4.48133e-02  4.46800e-02
3.66184e+02  4.42107e-02  4.40750e-02
3.67210e+02  4.36703e-02  4.35322e-02
3.68238e+02  4.31496e-02  4.30090e-02
3.69269e+02  4.26828e-02  4.25397e-02
3.70303e+02  4.22749e-02  4.21300e-02
3.71339e+02  4.18395e-02  4.16918e-02
3.72379e+02  4.14484e-02  4.12978e-02
3.73421e+02  4.10022e-02  4.08492e-02
3.74465e+02  4.04386e-02  4.02829e-02
3.75513e+02  3.99333e-02  3.97747e-02
3.76563e+02  3.94568e-02  3.92957e-02
3.77616e+02  3.89448e-02  3.87812e-02
3.78672e+02  3.84146e-02  3.82482e-02
3.79731e+02  3.79619e-02  3.77927e-02
3.80793e+02  3.75729e-02  3.74007e-02
3.81857e+02  3.72091e-02  3.70341e-02
3.82924e+02  3.67732e-02  3.65954e-02
3.83995e+02  3.63400e-02  3.61586e-02
3.85067e+02  3.59572e-02  3.57735e-02
3.86143e+02  3.55358e-02  3.53490e-02
3.87222e+02  3.51503e-02  3.49599e-02
3.88304e+02  3.47894e-02  3.45952e-02
3.89388e+02  3.44170e-02  3.42202e-02
3.90475e+02  3.40661e-02  3.38661e-02
3.91565e+02  3.37044e-02  3.35005e-02
3.92659e+02  3.33442e-02  3.31370e-02
3.93755e+02  3.30390e-02  3.28286e-02
3.94854e+02  3.26864e-02  3.24722e-02
3.95955e+02  3.22973e-02  3.20792e-02
3.97060e+02  3.19370e-02  3.17153e-02
3.98168e+02  3.15715e-02  3.13458e-02
3.99279e+02  3.12230e-02  3.09935e-02
4.00392e+02  3.08847e-02  3.06517e-02
4.01509e+02  3.05248e-02  3.02878e-02
4.02629e+02  3.02023e-02  2.99607e-02
4.03751e+02  2.98963e-02  2.96508e-02
4.04877e+02  2.95732e-02  2.93242e-02
4.06005e+02  2.92632e-02  2.90086e-02
4.07137e+02  2.89423e-02  2.86838e-02
4.08272e+02  2.86415e-02  2.83793e-02
4.09409e+02  2.83263e-02  2.80597e-02
4.10550e+02  2.80204e-02  2.77493e-02
4.11694e+02  2.77179e-02  2.74420e-02
4.12840e+02  2.74127e-02  2.71321e-02
4.13990e+02  2.71199e-02  2.68341e-02
4.15143e+02  2.68149e-02  2.65243e-02
4.16299e+02  2.65204e-02  2.62256e-02
4.17458e+02  2.62414e-02  2.59416e-02
4.18620e+02  2.59498e-02  2.56444e-02
4.19785e+02  2.56793e-02  2.53689e-02
4.20953e+02  2.54368e-02  2.51212e-02
4.22125e+02  2.51738e-02  2.48536e-02
4.23299e+02  2.49266e-02  2.46006e-02
4.24477e+02  2.46811e-02  2.43497e-02
4.25658e+02  2.44213e-02  2.40845e-02
4.26842e+02  2.41565e-02  2.38139e-02
4.28029e+02  2.38628e-02  2.35149e-02
4.29219e+02  2.35856e-02  2.32321e-02
4.30413e+02  2.33515e-02  2.29921e-02
4.31609e+02  2.31292e-02  2.27630e-02
4.32809e+02  2.29049e-02  2.25330e-02
4.34012e+02  2.26358e-02  2.22579e-02
4.35218e+02  2.23768e-02  2.19935e-02
4.36428e+02  2.21490e-02  2.17596e-02
4.37640e+02  2.19342e-02  2.15372e-02
4.38856e+02  2.17206e-02  2.13169e-02
4.40075e+02  2.15075e-02  2.10980e-02
4.41297e+02  2.12893e-02  2.08736e-02
4.42523e+02  2.10646e-02  2.06416e-02
4.43752e+02  2.08280e-02  2.03986e-02
4.44984e+02  2.06115e-02  2.01756e-02
4.46220e+02  2.04059e-02  1.99619e-02
4.47458e+02  2.02222e-02  1.97713e-02
4.48700e+02  2.00289e-02  1.95725e-02
4.49946e+02  1.98459e-02  1.93811e-02
4.51194e+02  1.96595e-02  1.91865e-02
4.52446e+02  1.94577e-02  1.89777e-02
4.53701e+02  1.92310e-02  1.87436e-02
4.54960e+02  1.90271e-02  1.85317e-02
4.56222e+02  1.88505e-02  1.83470e-02
4.57487e+02  1.86746e-02  1.81632e-02
4.58756e+02  1.85050e-02  1.79859e-02
4.60028e+02  1.83350e-02  1.78072e-02
4.61304e+02  1.81481e-02  1.76129e-02
4.62583e+02  1.79894e-02  1.74448e-02
4.63865e+02  1.78424e-02  1.72879e-02
4.65151e+02  1.76753e-02  1.71118e-02
4.66440e+02  1.75046e-02  1.69319e-02
4.67733e+02  1.73401e-02  1.67593e-02
4.69029e+02  1.71826e-02  1.65911e-02
4.70328e+02  1.70217e-02  1.64205e-02
4.71631e+02  1.68549e-02  1.62462e-02
4.72937e+02  1.66976e-02  1.60795e-02
4.74247e+02  1.65431e-02  1.59156e-02
4.75561e+02  1.63808e-02  1.57441e-02
4.76878e+02  1.62389e-02  1.55914e-02
4.78198e+02  1.60927e-02  1.54336e-02
4.79522e+02  1.59471e-02  1.52789e-02
4.80849e+02  1.58057e-02  1.51286e-02
4.82180e+02  1.56759e-02  1.49856e-02
4.83515e+02  1.55478e-02  1.48468e-02
4.84853e+02  1.54154e-02  1.47057e-02
4.86194e+02  1.52813e-02  1.45606e-02
4.87540e+02  1.51469e-02  1.44147e-02
4.88888e+02  1.50077e-02  1.42659e-02
4.90241e+02  1.48683e-02  1.41167e-02
4.91597e+02  1.47381e-02  1.39740e-02
4.92956e+02  1.45990e-02  1.38254e-02
4.94320e+02  1.44650e-02  1.36831e-02
4.95686e+02  1.43460e-02  1.35497e-02
4.97057e+02  1.42345e-02  1.34256e-02
4.98431e+02  1.41246e-02  1.33056e-02
4.99809e+02  1.40154e-02  1.31830e-02
5.01190e+02  1.39049e-02  1.30605e-02
5.02576e+02  1.37821e-02  1.29270e-02
5.03964e+02  1.36540e-02  1.27875e-02
5.05357e+02  1.35389e-02  1.26575e-02
5.06753e+02  1.34280e-02  1.25349e-02
5.08153e+02  1.33298e-02  1.24246e-02
5.09557e+02  1.32398e-02  1.23217e-02
5.10964e+02  1.31341e-02  1.22043e-02
5.12376e+02  1.30289e-02  1.20854e-02
5.13790e+02  1.29237e-02  1.19676e-02
5.15209e+02  1.28286e-02  1.18577e-02
5.16632e+02  1.27234e-02  1.17364e-02
5.18058e+02  1.26101e-02  1.16108e-02
5.19488e+02  1.25143e-02  1.15023e-02
5.20922e+02  1.24224e-02  1.13981e-02
5.22360e+02  1.23215e-02  1.12850e-02
5.23801e+02  1.22266e-02  1.11737e-02
5.25247e+02  1.21504e-02  1.10797e-02
5.26696e+02  1.20777e-02  1.09948e-02
5.28149e+02  1.19941e-02  1.08969e-02
5.29606e+02  1.18993e-02  1.07895e-02
5.31067e+02  1.18170e-02  1.06928e-02
5.32532e+02  1.17357e-02  1.05947e-02
5.34000e+02  1.16495e-02  1.04892e-02
5.35473e+02  1.15639e-02  1.03875e-02
5.36949e+02  1.14679e-02  1.02792e-02
5.38430e+02  1.13849e-02  1.01790e-02
5.39914e+02  1.12975e-02  1.00820e-02
5.41402e+02  1.12080e-02  9.97486e-03
5.42895e+02  1.11317e-02  9.87858e-03
5.44391e+02  1.10526e-02  9.78909e-03
5.45891e+02  1.09846e-02  9.70405e-03
5.47395e+02  1.09132e-02  9.61601e-03
5.48904e+02  1.08363e-02  9.52363e-03
5.50416e+02  1.07731e-02  9.44362e-03
5.51932e+02  1.07030e-02  9.35465e-03
5.53452e+02  1.06267e-02  9.26218e-03
5.54977e+02  1.05568e-02  9.17795e-03
5.56505e+02  1.04966e-02  9.10376e-03
5.58038e+02  1.04366e-02  9.02732e-03
5.59574e+02  1.03757e-02  8.94760e-03
5.61115e+02  1.03105e-02  8.86012e-03
5.62660e+02  1.02439e-02  8.77818e-03
5.64209e+02  1.01728e-02  8.69325e-03
5.65762e+02  1.01021e-02  8.60667e-03
5.67319e+02  1.00418e-02  8.53032e-03
5.68880e+02  9.99153e-03  8.46251e-03
5.70446e+02  9.94204e-03  8.39219e-03
5.72015e+02  9.88534e-03  8.31870e-03
5.73589e+02  9.82344e-03  8.24388e-03
5.75167e+02  9.77426e-03  8.17145e-03
5.76750e+02  9.71705e-03  8.10042e-03
5.78336e+02  9.66494e-03  8.03241e-03
5.79927e+02  9.63098e-03  7.96759e-03
5.81522e+02  9.58022e-03  7.90487e-03
5.83121e+02  9.52240e-03  7.83661e-03
5.84724e+02  9.46579e-03  7.75918e-03
5.86332e+02  9.40531e-03  7.68026e-03
5.87944e+02  9.34585e-03  7.60447e-03
5.89560e+02  9.30590e-03  7.53144e-03
5.91181e+02  9.24542e-03  7.46433e-03
5.92806e+02  9.20373e-03  7.39969e-03
5.94435e+02  9.16640e-03  7.33886e-03
5.96068e+02  9.12607e-03  7.27750e-03
5.97706e+02  9.08477e-03  7.20747e-03
5.99348e+02  9.02825e-03  7.14614e-03
6.00995e+02  8.97749e-03  7.08518e-03
6.02646e+02  8.93317e-03  7.02485e-03
6.04302e+02  8.90176e-03  6.96813e-03
6.05961e+02  8.86422e-03  6.91280e-03
6.07626e+02  8.83812e-03  6.85968e-03
6.09294e+02  8.79008e-03  6.80055e-03
6.10968e+02  8.74911e-03  6.74074e-03
6.12645e+02  8.70660e-03  6.67752e-03
6.14327e+02  8.65815e-03  6.60989e-03
6.16014e+02  8.61078e-03  6.54506e-03
6.17705e+02  8.57139e-03  6.48443e-03
6.19400e+02  8.52895e-03  6.43550e-03
6.21100e+02  8.49198e-03  6.38192e-03
6.22805e+02  8.45064e-03  6.32850e-03
6.24514e+02  8.41602e-03  6.27916e-03
6.26228e+02  8.38776e-03  6.22725e-03
6.27946e+02  8.34741e-03  6.17715e-03
6.29669e+02  8.30668e-03  6.12560e-03
6.31396e+02  8.28726e-03  6.07949e-03
6.33128e+02  8.26649e-03  6.02996e-03
6.34865e+02  8.22988e-03  5.98213e-03
6.36606e+02  8.19714e-03  5.93485e-03
6.38352e+02  8.15339e-03  5.88126e-03
6.40103e+02  8.11395e-03  5.82511e-03
6.41858e+02  8.07204e-03  5.77114e-03
6.43618e+02  8.03030e-03  5.72052e-03
6.45382e+02  7.99385e-03  5.66790e-03
6.47152e+02  7.95309e-03  5.61536e-03
6.48926e+02  7.92857e-03  5.56952e-03
6.50704e+02  7.92015e-03  5.53100e-03
6.52488e+02  7.89381e-03  5.49353e-03
6.54276e+02  7.86905e-03  5.45421e-03
6.56069e+02  7.83862e-03  5.41276e-03
6.57867e+02  7.80534e-03  5.36743e-03
6.59669e+02  7.77097e-03  5.31914e-03
6.61477e+02  7.73480e-03  5.27152e-03
6.63289e+02  7.70344e-03  5.22615e-03
6.65106e+02  7.68531e-03  5.18644e-03
6.66928e+02  7.67405e-03  5.15410e-03
6.68754e+02  7.65202e-03  5.11472e-03
6.70586e+02  7.62298e-03  5.06836e-03
6.72422e+02  7.59024e-03  5.02023e-03
6.74264e+02  7.55476e-03  4.97405e-03
6.76110e+02  7.50772e-03  4.92905e-03
6.77961e+02  7.49470e-03  4.88726e-03
6.79817e+02  7.47419e-03  4.85196e-03
6.81678e+02  7.47203e-03  4.82232e-03
6.83544e+02  7.45862e-03  4.79346e-03
6.85415e+02  7.44344e-03  4.75896e-03
6.87291e+02  7.41749e-03  4.72025e-03
6.89172e+02  7.38023e-03  4.67984e-03
6.91058e+02  7.34180e-03  4.63907e-03
6.92949e+02  7.30944e-03  4.59936e-03
6.94845e+02  7.28854e-03  4.55970e-03
6.96746e+02  7.27425e-03  4.52342e-03
6.98652e+02  7.27124e-03  4.49145e-03
7.00563e+02  7.24724e-03  4.45886e-03
7.02479e+02  7.22206e-03  4.42067e-03
7.04401e+02  7.19103e-03  4.38300e-03
7.06327e+02  7.15033e-03  4.34553e-03
7.08259e+02  7.13038e-03  4.31047e-03
7.10195e+02  7.08986e-03  4.27975e-03
7.12137e+02  7.07346e-03  4.24849e-03
7.14085e+02  7.05743e-03  4.21989e-03
7.16037e+02  7.03356e-03  4.19119e-03
7.17994e+02  7.05447e-03  4.16365e-03
7.19957e+02  7.02763e-03  4.13321e-03
7.21925e+02  7.02699e-03  4.09993e-03
7.23898e+02  6.99310e-03  4.06443e-03
7.25877e+02  6.97409e-03  4.03027e-03
7.27860e+02  6.94679e-03  3.99811e-03
7.29849e+02  6.91524e-03  3.96457e-03
7.31844e+02  6.89296e-03  3.92939e-03
7.33843e+02  6.88535e-03  3.89602e-03
7.35848e+02  6.88372e-03  3.86712e-03
7.37858e+02  6.89510e-03  3.84008e-03
7.39874e+02  6.88303e-03  3.81445e-03
7.41895e+02  6.85685e-03  3.78573e-03
7.43921e+02  6.82789e-03  3.75872e-03
7.45953e+02  6.80504e-03  3.73195e-03
7.47990e+02  6.79240e-03  3.70476e-03
7.50033e+02  6.77806e-03  3.67694e-03
7.52081e+02  6.76853e-03  3.64907e-03
7.54135e+02  6.76850e-03  3.62159e-03
7.56194e+02  6.77105e-03  3.59669e-03
7.58258e+02  6.75993e-03  3.57253e-03
7.60328e+02  6.71514e-03  3.54693e-03
7.62404e+02  6.69794e-03  3.51891e-03
7.64485e+02  6.67420e-03  3.48973e-03
7.66571e+02  6.66026e-03  3.45977e-03
7.68663e+02  6.63775e-03  3.43040e-03
7.70761e+02  6.61509e-03  3.40333e-03
7.72864e+02  6.63001e-03  3.37896e-03
7.74973e+02  6.62724e-03  3.35435e-03
7.77088e+02  6.62962e-03  3.33004e-03
7.79208e+02  6.55623e-03  3.30728e-03
7.81334e+02  6.56599e-03  3.28697e-03
7.83465e+02  6.53887e-03  3.26433e-03
7.85602e+02  6.55613e-03  3.23988e-03
7.87745e+02  6.51652e-03  3.21443e-03
7.89894e+02  6.51083e-03  3.19248e-03
7.92048e+02  6.50936e-03  3.17176e-03
7.94208e+02  6.52979e-03  3.14990e-03
7.96374e+02  6.50705e-03  3.12688e-03
7.98545e+02  6.44876e-03  3.10417e-03
8.00722e+02  6.45845e-03  3.08102e-03
8.02905e+02  6.44949e-03  3.05565e-03
8.05094e+02  6.42009e-03  3.02870e-03
8.07289e+02  6.40072e-03  3.00175e-03
8.09490e+02  6.40135e-03  2.97618e-03
8.11696e+02  6.40493e-03  2.95261e-03
8.13909e+02  6.39244e-03  2.93188e-03
8.16127e+02  6.35303e-03  2.91377e-03
8.18351e+02  6.35086e-03  2.89710e-03
8.20581e+02  6.34466e-03  2.88287e-03
8.22817e+02  6.33929e-03  2.86628e-03
8.25059e+02  6.29435e-03  2.84711e-03
8.27307e+02  6.30621e-03  2.82699e-03
8.29561e+02  6.31616e-03  2.80652e-03
8.31821e+02  6.29741e-03  2.78653e-03
8.34087e+02  6.26064e-03  2.76607e-03
8.36359e+02  6.22764e-03  2.74685e-03
8.38637e+02  6.22109e-03  2.72735e-03
8.40921e+02  6.22288e-03  2.70616e-03
8.43211e+02  6.20041e-03  2.68318e-03
8.45507e+02  6.18427e-03  2.65917e-03
8.47810e+02  6.21574e-03  2.63763e-03
8.50118e+02  6.19506e-03  2.61515e-03
8.52433e+02  6.14682e-03  2.59603e-03
8.54754e+02  6.13639e-03  2.57858e-03
8.57081e+02  6.13471e-03  2.56333e-03
8.59414e+02  6.13217e-03  2.54760e-03
8.61753e+02  6.11184e-03  2.53390e-03
8.64099e+02  6.13229e-03  2.51917e-03
8.66451e+02  6.17243e-03  2.50341e-03
8.68809e+02  6.16466e-03  2.48587e-03
8.71174e+02  6.13238e-03  2.46596e-03
8.73545e+02  6.14872e-03  2.44680e-03
8.75922e+02  6.13848e-03  2.42696e-03
8.78305e+02  6.11589e-03  2.40865e-03
8.80695e+02  6.08055e-03  2.39005e-03
8.83091e+02  6.08056e-03  2.37149e-03
8.85493e+02  6.10533e-03  2.35248e-03
8.87902e+02  6.09372e-03  2.33551e-03
8.90318e+02  6.06047e-03  2.32006e-03
8.92740e+02  6.04867e-03  2.30453e-03
8.95168e+02  6.02758e-03  2.28943e-03
8.97602e+02  6.00641e-03  2.27719e-03
9.00044e+02  5.98761e-03  2.26514e-03
9.02491e+02  5.99719e-03  2.25289e-03
9.04946e+02  5.99471e-03  2.23710e-03
9.07406e+02  5.97712e-03  2.22121e-03
9.09874e+02  6.00372e-03  2.20638e-03
9.12347e+02  6.00185e-03  2.19147e-03
9.14828e+02  5.96668e-03  2.17456e-03
9.17315e+02  5.94534e-03  2.15764e-03
9.19809e+02  5.94855e-03  2.14094e-03
9.22309e+02  5.97816e-03  2.12533e-03
9.24816e+02  5.92736e-03  2.10932e-03
9.27330e+02  5.86535e-03  2.09212e-03
9.29850e+02  5.87085e-03  2.07560e-03
9.32377e+02  5.88063e-03  2.06329e-03
9.34911e+02  5.88344e-03  2.05059e-03
9.37452e+02  5.83827e-03  2.03691e-03
9.39999e+02  5.87565e-03  2.02431e-03
9.42553e+02  5.89652e-03  2.01456e-03
9.45114e+02  5.88713e-03  2.00487e-03
9.47682e+02  5.89111e-03  1.99242e-03
9.50256e+02  5.89259e-03  1.97840e-03
9.52838e+02  5.87910e-03  1.96385e-03
9.55426e+02  5.84509e-03  1.94981e-03
9.58021e+02  5.89318e-03  1.93565e-03
9.60624e+02  5.89759e-03  1.92172e-03
9.63233e+02  5.88245e-03  1.90588e-03
9.65849e+02  5.82737e-03  1.89073e-03
9.68472e+02  5.81187e-03  1.87701e-03
9.71102e+02  5.81393e-03  1.86462e-03
9.73739e+02  5.82893e-03  1.85090e-03
9.76383e+02  5.86535e-03  1.83813e-03
9.79034e+02  5.83001e-03  1.82728e-03
9.81692e+02  5.80577e-03  1.81813e-03
9.84357e+02  5.75258e-03  1.80925e-03
9.87029e+02  5.74490e-03  1.79931e-03
9.89709e+02  5.75545e-03  1.78816e-03
9.92395e+02  5.78692e-03  1.77652e-03
9.95089e+02  5.83746e-03  1.76534e-03
9.97790e+02  5.84148e-03  1.75292e-03
1.00050e+03  5.81511e-03  1.73939e-03
1.00321e+03  5.76247e-03  1.72603e-03
1.00594e+03  5.73511e-03  1.71448e-03
1.00867e+03  5.73853e-03  1.70400e-03
1.01140e+03  5.76686e-03  1.69306e-03
1.01415e+03  5.78765e-03  1.68096e-03
1.01690e+03  5.75485e-03  1.66973e-03
1.01966e+03  5.69992e-03  1.65907e-03
1.02242e+03  5.67767e-03  1.64840e-03
1.02520e+03  5.67233e-03  1.63794e-03
1.02798e+03  5.68316e-03  1.62777e-03
1.03077e+03  5.70052e-03  1.61901e-03
1.03356e+03  5.76211e-03  1.61067e-03
1.03637e+03  5.73815e-03  1.60332e-03
1.03918e+03  5.66955e-03  1.59550e-03
1.04200e+03  5.66511e-03  1.58616e-03
1.04482e+03  5.67549e-03  1.57549e-03
1.04765e+03  5.67679e-03  1.56471e-03
1.05050e+03  5.68689e-03  1.55376e-03
1.05334e+03  5.72779e-03  1.54234e-03
1.05620e+03  5.67596e-03  1.53144e-03
1.05906e+03  5.59728e-03  1.52165e-03
1.06194e+03  5.61216e-03  1.51293e-03
1.06481e+03  5.60545e-03  1.50386e-03
1.06770e+03  5.57957e-03  1.49466e-03
1.07060e+03  5.64903e-03  1.48579e-03
1.07350e+03  5.68263e-03  1.47623e-03
1.07641e+03  5.61644e-03  1.46734e-03
1.07932e+03  5.56819e-03  1.45813e-03
1.08225e+03  5.60353e-03  1.44936e-03
1.08518e+03  5.59444e-03  1.44160e-03
1.08812e+03  5.57429e-03  1.43500e-03
1.09107e+03  5.66016e-03  1.42802e-03
1.09403e+03  5.64082e-03  1.41951e-03
1.09699e+03  5.54340e-03  1.41054e-03
1.09997e+03  5.52840e-03  1.40038e-03
1.10295e+03  5.51770e-03  1.39116e-03
1.10593e+03  5.48605e-03  1.38158e-03
1.10893e+03  5.53023e-03  1.37314e-03
1.11193e+03  5.57380e-03  1.36611e-03
1.11495e+03  5.51376e-03  1.35905e-03
1.11797e+03  5.49863e-03  1.35082e-03
1.12100e+03  5.51650e-03  1.34286e-03
1.12403e+03  5.49313e-03  1.33619e-03
1.12708e+03  5.54162e-03  1.33026e-03
1.13013e+03  5.60538e-03  1.32385e-03
1.13319e+03  5.54952e-03  1.31716e-03
1.13626e+03  5.49448e-03  1.31074e-03
1.13934e+03  5.49980e-03  1.30431e-03
1.14242e+03  5.43743e-03  1.29774e-03
1.14551e+03  5.43534e-03  1.29030e-03
1.14862e+03  5.50525e-03  1.28354e-03
1.15173e+03  5.47358e-03  1.27647e-03
1.15484e+03  5.41961e-03  1.26956e-03
1.15797e+03  5.43591e-03  1.26172e-03
1.16110e+03  5.42250e-03  1.25306e-03
1.16425e+03  5.41756e-03  1.24381e-03
1.16740e+03  5.48288e-03  1.23479e-03
1.17056e+03  5.47212e-03  1.22599e-03
1.17373e+03  5.40948e-03  1.21811e-03
1.17690e+03  5.42376e-03  1.21064e-03
1.18009e+03  5.39145e-03  1.20294e-03
1.18328e+03  5.34652e-03  1.19475e-03
1.18649e+03  5.37747e-03  1.18823e-03
1.18970e+03  5.35119e-03  1.18291e-03
1.19292e+03  5.29384e-03  1.17730e-03
1.19614e+03  5.30912e-03  1.17018e-03
1.19938e+03  5.31156e-03  1.16315e-03
1.20262e+03  5.28094e-03  1.15649e-03
1.20588e+03  5.34472e-03  1.14992e-03
1.20914e+03  5.33781e-03  1.14253e-03
1.21241e+03  5.29060e-03  1.13490e-03
1.21569e+03  5.28273e-03  1.12753e-03
1.21898e+03  5.26148e-03  1.12138e-03
1.22228e+03  5.24847e-03  1.11573e-03
1.22558e+03  5.26303e-03  1.10944e-03
1.22890e+03  5.23409e-03  1.10290e-03
1.23222e+03  5.19305e-03  1.09676e-03
1.23556e+03  5.16770e-03  1.09040e-03
1.23890e+03  5.15606e-03  1.08393e-03
1.24225e+03  5.16249e-03  1.07692e-03
1.24561e+03  5.19922e-03  1.07076e-03
1.24897e+03  5.18000e-03  1.06600e-03
1.25235e+03  5.16485e-03  1.06183e-03
1.25574e+03  5.15681e-03  1.05705e-03
1.25913e+03  5.13215e-03  1.05254e-03
1.26254e+03  5.14122e-03  1.04696e-03
1.26595e+03  5.15227e-03  1.03967e-03
1.26937e+03  5.09975e-03  1.03167e-03
1.27281e+03  5.07653e-03  1.02422e-03
1.27625e+03  5.03222e-03  1.01800e-03
1.27970e+03  5.00758e-03  1.01171e-03
1.28315e+03  5.04376e-03  1.00485e-03
1.28662e+03  5.06341e-03  9.98257e-04
1.29010e+03  5.03977e-03  9.92169e-04
1.29359e+03  5.03850e-03  9.85362e-04
1.29708e+03  4.98592e-03  9.78509e-04
1.30059e+03  4.96804e-03  9.71475e-04
1.30410e+03  4.99635e-03  9.64882e-04
1.30763e+03  4.98409e-03  9.59603e-04
1.31116e+03  4.95241e-03  9.54966e-04
1.31470e+03  4.91664e-03  9.51293e-04
1.31826e+03  4.88480e-03  9.47878e-04
1.32182e+03  4.88264e-03  9.44142e-04
1.32539e+03  4.90710e-03  9.39430e-04
1.32897e+03  4.87575e-03  9.34153e-04
1.33256e+03  4.86687e-03  9.28395e-04
1.33616e+03  4.83698e-03  9.22908e-04
1.33977e+03  4.81291e-03  9.17442e-04
1.34339e+03  4.81059e-03  9.11784e-04
1.34702e+03  4.81480e-03  9.06664e-04
1.35066e+03  4.80298e-03  9.01400e-04
1.35430e+03  4.78324e-03  8.96303e-04
1.35796e+03  4.74276e-03  8.91499e-04
1.36163e+03  4.72155e-03  8.86995e-04
1.36531e+03  4.71076e-03  8.82820e-04
1.36899e+03  4.72127e-03  8.77894e-04
1.37269e+03  4.73178e-03  8.72976e-04
1.37640e+03  4.69458e-03  8.68389e-04
1.38011e+03  4.68877e-03  8.63790e-04
1.38384e+03  4.67931e-03  8.59071e-04
1.38758e+03  4.64492e-03  8.54825e-04
1.39132e+03  4.66156e-03  8.50828e-04
1.39508e+03  4.63835e-03  8.46173e-04
1.39885e+03  4.60459e-03  8.40700e-04
1.40262e+03  4.58276e-03  8.34388e-04
1.40641e+03  4.54948e-03  8.28574e-04
1.41021e+03  4.55431e-03  8.23077e-04
1.41401e+03  4.55109e-03  8.17130e-04
1.41783e+03  4.51957e-03  8.11518e-04
1.42166e+03  4.51892e-03  8.06807e-04
1.42549e+03  4.49329e-03  8.02745e-04
1.42934e+03  4.47521e-03  7.99352e-04
1.43320e+03  4.48081e-03  7.95373e-04
1.43707e+03  4.44064e-03  7.91476e-04
1.44095e+03  4.43097e-03  7.87120e-04
1.44483e+03  4.40866e-03  7.83079e-04
1.44873e+03  4.36568e-03  7.79316e-04
1.45264e+03  4.37772e-03  7.75819e-04
1.45656e+03  4.34001e-03  7.72251e-04
1.46049e+03  4.32926e-03  7.68734e-04
1.46443e+03  4.33968e-03  7.64694e-04
1.46839e+03  4.31528e-03  7.60590e-04
1.47235e+03  4.30641e-03  7.56329e-04
1.47632e+03  4.27839e-03  7.51870e-04
1.48030e+03  4.24830e-03  7.47305e-04
1.48430e+03  4.24139e-03  7.42719e-04
1.48830e+03  4.21519e-03  7.38266e-04
1.49231e+03  4.19152e-03  7.33921e-04
1.49634e+03  4.16966e-03  7.29896e-04
1.50038e+03  4.14606e-03  7.25907e-04
1.50442e+03  4.16977e-03  7.21388e-04
1.50848e+03  4.15264e-03  7.16763e-04
1.51255e+03  4.13760e-03  7.12694e-04
1.51663e+03  4.10971e-03  7.08968e-04
1.52072e+03  4.07873e-03  7.04913e-04
1.52482e+03  4.08007e-03  7.01540e-04
1.52893e+03  4.04948e-03  6.98383e-04
1.53306e+03  4.01970e-03  6.94932e-04
1.53719e+03  3.99352e-03  6.90704e-04
1.54133e+03  3.97242e-03  6.85967e-04
1.54549e+03  3.97138e-03  6.81733e-04
1.54966e+03  3.94964e-03  6.77997e-04
1.55384e+03  3.93907e-03  6.74537e-04
1.55803e+03  3.92766e-03  6.70717e-04
1.56223e+03  3.91360e-03  6.66689e-04
1.56644e+03  3.91408e-03  6.62734e-04
1.57066e+03  3.88887e-03  6.59098e-04
1.57489e+03  3.86784e-03  6.55641e-04
1.57914e+03  3.82697e-03  6.52549e-04
1.58340e+03  3.79533e-03  6.49748e-04
1.58767e+03  3.78903e-03  6.47005e-04
1.59194e+03  3.76617e-03  6.44469e-04
1.59624e+03  3.74572e-03  6.41615e-04
1.60054e+03  3.73302e-03  6.38474e-04
1.60485e+03  3.72219e-03  6.35280e-04
1.60918e+03  3.71440e-03  6.31960e-04
1.61351e+03  3.70057e-03  6.28464e-04
1.61786e+03  3.68610e-03  6.24208e-04
1.62222e+03  3.63448e-03  6.20179e-04
1.62659e+03  3.60902e-03  6.16168e-04
1.63098e+03  3.59470e-03  6.12264e-04
1.63537e+03  3.58089e-03  6.08684e-04
1.63978e+03  3.56468e-03  6.05085e-04
1.64420e+03  3.52553e-03  6.01646e-04
1.64863e+03  3.51479e-03  5.98126e-04
1.65307e+03  3.51363e-03  5.95537e-04
1.65752e+03  3.51898e-03  5.92571e-04
1.66199e+03  3.50010e-03  5.88782e-04
1.66647e+03  3.44437e-03  5.85058e-04
1.67095e+03  3.42111e-03  5.81842e-04
1.67546e+03  3.40167e-03  5.78985e-04
1.67997e+03  3.39438e-03  5.75980e-04
1.68449e+03  3.38453e-03  5.73103e-04
1.68903e+03  3.34072e-03  5.70712e-04
1.69358e+03  3.33653e-03  5.68223e-04
1.69814e+03  3.31666e-03  5.64813e-04
1.70272e+03  3.31954e-03  5.61337e-04
1.70730e+03  3.31330e-03  5.58245e-04
1.71190e+03  3.27157e-03  5.55792e-04
1.71651e+03  3.24689e-03  5.53099e-04
1.72113e+03  3.22413e-03  5.50417e-04
1.72577e+03  3.22080e-03  5.48095e-04
1.73042e+03  3.20092e-03  5.46001e-04
1.73508e+03  3.15293e-03  5.43394e-04
1.73975e+03  3.13370e-03  5.39972e-04
1.74443e+03  3.13298e-03  5.36354e-04
1.74913e+03  3.13388e-03  5.33260e-04
1.75384e+03  3.12705e-03  5.29844e-04
1.75856e+03  3.09113e-03  5.26644e-04
1.76330e+03  3.05694e-03  5.23985e-04
1.76804e+03  3.04528e-03  5.21660e-04
1.77280e+03  3.03846e-03  5.20314e-04
1.77758e+03  3.00984e-03  5.17944e-04
1.78236e+03  2.97070e-03  5.14921e-04
1.78716e+03  2.94134e-03  5.12103e-04
1.79197e+03  2.92257e-03  5.08471e-04
1.79680e+03  2.92468e-03  5.05986e-04
1.80163e+03  2.91676e-03  5.02869e-04
1.80648e+03  2.90348e-03  5.00402e-04
1.81134e+03  2.88087e-03  4.97109e-04
1.81622e+03  2.86064e-03  4.94169e-04
1.82111e+03  2.83945e-03  4.91388e-04
1.82601e+03  2.81129e-03  4.88175e-04
1.83092e+03  2.78167e-03  4.85669e-04
1.83585e+03  2.76568e-03  4.82795e-04
1.84079e+03  2.75222e-03  4.81290e-04
1.84575e+03  2.73304e-03  4.78355e-04
1.85071e+03  2.71336e-03  4.76499e-04
1.85569e+03  2.70154e-03  4.74218e-04
1.86069e+03  2.70466e-03  4.72884e-04
1.86569e+03  2.69717e-03  4.71190e-04
1.87071e+03  2.67239e-03  4.68699e-04
1.87575e+03  2.63712e-03  4.65921e-04
1.88079e+03  2.60377e-03  4.63175e-04
1.88585e+03  2.58678e-03  4.60227e-04
1.89093e+03  2.58041e-03  4.57155e-04
1.89602e+03  2.55536e-03  4.54171e-04
1.90112e+03  2.53271e-03  4.51375e-04
1.90623e+03  2.51317e-03  4.48798e-04
1.91136e+03  2.51366e-03  4.46189e-04
1.91650e+03  2.51318e-03  4.44061e-04
1.92166e+03  2.49012e-03  4.41653e-04
1.92683e+03  2.46583e-03  4.39428e-04
1.93201e+03  2.43844e-03  4.37155e-04
1.93721e+03  2.43617e-03  4.34684e-04
1.94242e+03  2.41543e-03  4.32440e-04
1.94764e+03  2.38628e-03  4.30457e-04
1.95288e+03  2.36246e-03  4.28416e-04
1.95813e+03  2.34429e-03  4.26176e-04
1.96340e+03  2.34979e-03  4.23934e-04
1.96868e+03  2.33933e-03  4.21696e-04
1.97397e+03  2.31397e-03  4.19134e-04
1.97928e+03  2.28662e-03  4.16400e-04
1.98460e+03  2.27420e-03  4.13994e-04
1.98994e+03  2.26768e-03  4.11955e-04
1.99529e+03  2.24433e-03  4.10043e-04
2.00066e+03  2.21697e-03  4.08150e-04
2.00604e+03  2.18642e-03  4.06560e-04
2.01143e+03  2.17954e-03  4.04850e-04
2.01684e+03  2.17899e-03  4.03109e-04
2.02226e+03  2.16960e-03  4.01353e-04
2.02770e+03  2.14416e-03  3.99323e-04
2.03315e+03  2.11774e-03  3.97135e-04
2.03862e+03  2.11109e-03  3.95397e-04
2.04410e+03  2.10423e-03  3.93541e-04
2.04959e+03  2.08901e-03  3.91577e-04
2.05510e+03  2.05677e-03  3.89424e-04
2.06063e+03  2.03926e-03  3.87482e-04
2.06617e+03  2.02977e-03  3.85417e-04
2.07172e+03  2.01938e-03  3.83516e-04
2.07729e+03  2.01421e-03  3.81580e-04
2.08288e+03  1.98926e-03  3.79681e-04
2.08847e+03  1.97439e-03  3.77635e-04
2.09409e+03  1.96484e-03  3.75602e-04
2.09972e+03  1.95110e-03  3.73589e-04
2.10536e+03  1.93112e-03  3.71683e-04
2.11102e+03  1.90756e-03  3.69817e-04
2.11669e+03  1.89342e-03  3.67997e-04
2.12238e+03  1.88271e-03  3.66300e-04
2.12808e+03  1.87849e-03  3.64589e-04
2.13380e+03  1.86350e-03  3.62851e-04
2.13954e+03  1.84784e-03  3.61061e-04
2.14529e+03  1.83744e-03  3.59356e-04
2.15105e+03  1.82046e-03  3.57694e-04
2.15683e+03  1.80966e-03  3.56019e-04
2.16263e+03  1.78624e-03  3.54187e-04
2.16844e+03  1.77071e-03  3.52317e-04
2.17427e+03  1.76128e-03  3.50747e-04
2.18011e+03  1.74584e-03  3.49283e-04
2.18597e+03  1.73755e-03  3.47643e-04
2.19184e+03  1.72242e-03  3.45767e-04
2.19773e+03  1.71526e-03  3.43957e-04
2.20363e+03  1.70412e-03  3.42061e-04
2.20955e+03  1.68780e-03  3.40157e-04
2.21549e+03  1.67323e-03  3.38560e-04
2.22144e+03  1.65666e-03  3.37012e-04
2.22741e+03  1.64690e-03  3.35553e-04
2.23339e+03  1.63491e-03  3.33939e-04
2.23939e+03  1.62178e-03  3.32388e-04
2.24541e+03  1.60836e-03  3.31039e-04
2.25144e+03  1.59911e-03  3.29624e-04
2.25749e+03  1.59227e-03  3.27903e-04
2.26355e+03  1.57892e-03  3.25982e-04
2.26963e+03  1.56192e-03  3.24099e-04
2.27573e+03  1.54631e-03  3.22239e-04
2.28184e+03  1.53278e-03  3.20528e-04
2.28797e+03  1.52597e-03  3.18731e-04
2.29412e+03  1.51566e-03  3.17154e-04
2.30028e+03  1.50028e-03  3.15412e-04
2.30645e+03  1.48682e-03  3.13819e-04
2.31265e+03  1.48108e-03  3.12182e-04
2.31886e+03  1.47799e-03  3.10581e-04
2.32509e+03  1.46742e-03  3.09280e-04
2.33133e+03  1.45041e-03  3.07583e-04
2.33759e+03  1.43249e-03  3.06242e-04
2.34387e+03  1.42055e-03  3.04629e-04
2.35016e+03  1.41326e-03  3.03533e-04
2.35647e+03  1.40396e-03  3.02507e-04
2.36280e+03  1.38904e-03  3.01615e-04
2.36915e+03  1.37622e-03  3.00592e-04
2.37551e+03  1.37302e-03  2.99386e-04
2.38189e+03  1.37326e-03  2.97799e-04
2.38828e+03  1.36500e-03  2.96527e-04
2.39469e+03  1.34806e-03  2.94902e-04
2.40112e+03  1.33228e-03  2.93438e-04
2.40757e+03  1.32217e-03  2.92048e-04
2.41403e+03  1.31658e-03  2.91165e-04
2.42051e+03  1.30648e-03  2.89918e-04
2.42701e+03  1.29024e-03  2.88679e-04
2.43353e+03  1.27599e-03  2.87404e-04
2.44006e+03  1.26729e-03  2.85678e-04
2.44661e+03  1.26578e-03  2.83984e-04
2.45318e+03  1.26086e-03  2.82922e-04
2.45976e+03  1.24863e-03  2.81516e-04
2.46637e+03  1.23447e-03  2.80116e-04
2.47299e+03  1.22442e-03  2.79020e-04
2.47962e+03  1.21950e-03  2.77943e-04
2.48628e+03  1.21034e-03  2.77034e-04
2.49295e+03  1.19556e-03  2.74923e-04
2.49964e+03  1.18318e-03  2.73740e-04
2.50635e+03  1.17388e-03  2.72418e-04
2.51308e+03  1.17085e-03  2.70188e-04
2.51983e+03  1.16751e-03  2.68717e-04
2.52659e+03  1.15800e-03  2.68478e-04
2.53337e+03  1.14799e-03  2.67103e-04
2.54017e+03  1.13835e-03  2.65878e-04
2.54698e+03  1.13245e-03  2.64358e-04
2.55382e+03  1.12464e-03  2.62579e-04
2.56067e+03  1.11380e-03  2.61610e-04
2.56754e+03  1.10328e-03  2.60638e-04
2.57443e+03  1.09288e-03  2.59007e-04
2.58134e+03  1.08782e-03  2.57735e-04
2.58827e+03  1.08438e-03  2.56523e-04
2.59521e+03  1.07409e-03  2.55500e-04
2.60218e+03  1.06413e-03  2.54227e-04
2.60916e+03  1.05690e-03  2.54406e-04
2.61616e+03  1.05014e-03  2.53049e-04
2.62318e+03  1.04257e-03  2.50790e-04
2.63022e+03  1.03278e-03  2.49380e-04
2.63727e+03  1.02187e-03  2.47993e-04
2.64435e+03  1.01326e-03  2.46595e-04
2.65144e+03  1.00635e-03  2.45424e-04
2.65856e+03  1.00038e-03  2.44208e-04
2.66569e+03  9.93900e-04  2.42975e-04
2.67284e+03  9.84025e-04  2.41790e-04
2.68001e+03  9.75407e-04  2.40451e-04
2.68720e+03  9.69584e-04  2.39162e-04
2.69441e+03  9.64502e-04  2.37952e-04
2.70164e+03  9.57302e-04  2.36551e-04
2.70889e+03  9.49771e-04  2.35305e-04
2.71615e+03  9.41726e-04  2.34332e-04
2.72344e+03  9.35440e-04  2.33583e-04
2.73074e+03  9.30631e-04  2.32688e-04
2.73807e+03  9.24628e-04  2.31675e-04
2.74541e+03  9.16006e-04  2.30602e-04
2.75277e+03  9.07103e-04  2.29765e-04
2.76016e+03  9.00466e-04  2.28941e-04
2.76756e+03  8.94462e-04  2.27909e-04
2.77498e+03  8.87904e-04  2.26757e-04
2.78243e+03  8.82782e-04  2.25780e-04
2.78989e+03  8.76342e-04  2.24861e-04
2.79737e+03  8.68700e-04  2.23660e-04
2.80487e+03  8.64199e-04  2.22406e-04
2.81240e+03  8.57787e-04  2.21434e-04
2.81994e+03  8.51779e-04  2.20489e-04
2.82750e+03  8.44410e-04  2.19280e-04
2.83508e+03  8.35553e-04  2.17957e-04
2.84268e+03  8.29971e-04  2.17097e-04
2.85031e+03  8.23892e-04  2.16291e-04
2.85795e+03  8.19430e-04  2.15485e-04
2.86561e+03  8.15083e-04  2.14363e-04
2.87330e+03  8.09691e-04  2.13445e-04
2.88100e+03  8.05472e-04  2.12477e-04
2.88873e+03  8.00036e-04  2.11473e-04
2.89647e+03  7.94564e-04  2.10172e-04
2.90424e+03  7.88981e-04  2.09005e-04
2.91203e+03  7.81631e-04  2.07979e-04
2.91983e+03  7.75190e-04  2.06852e-04
2.92766e+03  7.68961e-04  2.05782e-04
2.93551e+03  7.63562e-04  2.04777e-04
2.94338e+03  7.59148e-04  2.03847e-04
2.95127e+03  7.54842e-04  2.03102e-04
2.95918e+03  7.50092e-04  2.02178e-04
2.96712e+03  7.45290e-04  2.01421e-04
2.97507e+03  7.40373e-04  2.00868e-04
2.98305e+03  7.36096e-04  2.00339e-04
2.99104e+03  7.30579e-04  1.99695e-04
2.99906e+03  7.24512e-04  1.99016e-04
3.00710e+03  7.18537e-04  1.98119e-04
3.01516e+03  7.12824e-04  1.97057e-04
3.02324e+03  7.08082e-04  1.96102e-04
3.03135e+03  7.04094e-04  1.95241e-04
3.03947e+03  6.99953e-04  1.94183e-04
3.04762e+03  6.95825e-04  1.93039e-04
3.05579e+03  6.91621e-04  1.91955e-04
3.06398e+03  6.87877e-04  1.91085e-04
3.07219e+03  6.83509e-04  1.90251e-04
3.08043e+03  6.77859e-04  1.89498e-04
3.08868e+03  6.71617e-04  1.88832e-04
3.09696e+03  6.66376e-04  1.88031e-04
3.10526e+03  6.61637e-04  1.87008e-04
3.11358e+03  6.57612e-04  1.86113e-04
3.12193e+03  6.54143e-04  1.85301e-04
3.13029e+03  6.49542e-04  1.84624e-04
3.13868e+03  6.45354e-04  1.83968e-04
3.14709e+03  6.41293e-04  1.83287e-04
3.15553e+03  6.38013e-04  1.82502e-04
3.16398e+03  6.33779e-04  1.81574e-04
3.17246e+03  6.28203e-04  1.80534e-04
3.18096e+03  6.22621e-04  1.79580e-04
3.18949e+03  6.17714e-04  1.78812e-04
3.19804e+03  6.13732e-04  1.78230e-04
3.20661e+03  6.10270e-04  1.77844e-04
3.21520e+03  6.06990e-04  1.77342e-04
3.22381e+03  6.02773e-04  1.76535e-04
3.23245e+03  5.99813e-04  1.75586e-04
3.24111e+03  5.97185e-04  1.74637e-04
3.24980e+03  5.94716e-04  1.73978e-04
3.25850e+03  5.90896e-04  1.73571e-04
3.26723e+03  5.85782e-04  1.72965e-04
3.27599e+03  5.81065e-04  1.72171e-04
3.28476e+03  5.76584e-04  1.71332e-04
3.29357e+03  5.72740e-04  1.70481e-04
3.30239e+03  5.69422e-04  1.69597e-04
3.31124e+03  5.65041e-04  1.68730e-04
3.32011e+03  5.61174e-04  1.67716e-04
3.32900e+03  5.58154e-04  1.66863e-04
3.33792e+03  5.55162e-04  1.66097e-04
3.34686e+03  5.52518e-04  1.65202e-04
3.35583e+03  5.48034e-04  1.64321e-04
3.36482e+03  5.42900e-04  1.63383e-04
3.37383e+03  5.38824e-04  1.62387e-04
3.38287e+03  5.34862e-04  1.61580e-04
3.39193e+03  5.31352e-04  1.60938e-04
3.40102e+03  5.27930e-04  1.60356e-04
3.41013e+03  5.24155e-04  1.59866e-04
3.41926e+03  5.21078e-04  1.59258e-04
3.42842e+03  5.18825e-04  1.58491e-04
3.43760e+03  5.16962e-04  1.57808e-04
3.44681e+03  5.15314e-04  1.57188e-04
3.45604e+03  5.11726e-04  1.56579e-04
3.46530e+03  5.07840e-04  1.55902e-04
3.47458e+03  5.04109e-04  1.55339e-04
3.48389e+03  5.01140e-04  1.54785e-04
3.49322e+03  4.97814e-04  1.54158e-04
3.50258e+03  4.94189e-04  1.53317e-04
3.51196e+03  4.90636e-04  1.52733e-04
3.52136e+03  4.87670e-04  1.52142e-04
3.53079e+03  4.85254e-04  1.51343e-04
3.54025e+03  4.82749e-04  1.50584e-04
3.54973e+03  4.80635e-04  1.50064e-04
3.55924e+03  4.77312e-04  1.49608e-04
3.56877e+03  4.73730e-04  1.49112e-04
3.57833e+03  4.70236e-04  1.48470e-04
3.58791e+03  4.67532e-04  1.47755e-04
3.59752e+03  4.64091e-04  1.46926e-04
3.60715e+03  4.60036e-04  1.46062e-04
3.61681e+03  4.56491e-04  1.45132e-04
3.62649e+03  4.53471e-04  1.44389e-04
3.63621e+03  4.51179e-04  1.43684e-04
3.64594e+03  4.49644e-04  1.43109e-04
3.65570e+03  4.48249e-04  1.42676e-04
3.66549e+03  4.45729e-04  1.42146e-04
3.67531e+03  4.42913e-04  1.41483e-04
3.68515e+03  4.39529e-04  1.40754e-04
3.69502e+03  4.36959e-04  1.40117e-04
3.70491e+03  4.34142e-04  1.39507e-04
3.71483e+03  4.31198e-04  1.38963e-04
3.72478e+03  4.28368e-04  1.38512e-04
3.73475e+03  4.25500e-04  1.38021e-04
3.74475e+03  4.22867e-04  1.37460e-04
3.75477e+03  4.20883e-04  1.36786e-04
3.76483e+03  4.18959e-04  1.36110e-04
3.77491e+03  4.16789e-04  1.35578e-04
3.78501e+03  4.14252e-04  1.35124e-04
3.79514e+03  4.11280e-04  1.34764e-04
3.80530e+03  4.08611e-04  1.34301e-04
3.81549e+03  4.05778e-04  1.33702e-04
3.82571e+03  4.02527e-04  1.32964e-04
3.83595e+03  3.99584e-04  1.32187e-04
3.84622e+03  3.96634e-04  1.31455e-04
3.85651e+03  3.93966e-04  1.30750e-04
3.86684e+03  3.92397e-04  1.30218e-04
3.87719e+03  3.91300e-04  1.29739e-04
3.88757e+03  3.89663e-04  1.29185e-04
3.89797e+03  3.87274e-04  1.28519e-04
3.90841e+03  3.84419e-04  1.27829e-04
3.91887e+03  3.82100e-04  1.27202e-04
3.92936e+03  3.79869e-04  1.26672e-04
3.93988e+03  3.77739e-04  1.26186e-04
3.95042e+03  3.75619e-04  1.25776e-04
3.96100e+03  3.73049e-04  1.25259e-04
3.97160e+03  3.70442e-04  1.24684e-04
3.98223e+03  3.68425e-04  1.24110e-04
3.99289e+03  3.66750e-04  1.23411e-04
4.00357e+03  3.65179e-04  1.22816e-04
4.01429e+03  3.63011e-04  1.22217e-04
4.02503e+03  3.60376e-04  1.21662e-04
4.03581e+03  3.58178e-04  1.21190e-04
4.04661e+03  3.55712e-04  1.20703e-04
4.05744e+03  3.53606e-04  1.20369e-04
4.06830e+03  3.51048e-04  1.19856e-04
4.07918e+03  3.48622e-04  1.19417e-04
4.09010e+03  3.46408e-04  1.18985e-04
4.10105e+03  3.44698e-04  1.18513e-04
4.11202e+03  3.43419e-04  1.17938e-04
4.12303e+03  3.42336e-04  1.17320e-04
4.13406e+03  3.40350e-04  1.16784e-04
4.14512e+03  3.38177e-04  1.16207e-04
4.15621e+03  3.35894e-04  1.15588e-04
4.16734e+03  3.33539e-04  1.14955e-04
4.17849e+03  3.31416e-04  1.14391e-04
4.18967e+03  3.29074e-04  1.13906e-04
4.20088e+03  3.26945e-04  1.13430e-04
4.21212e+03  3.25043e-04  1.13018e-04
4.22339e+03  3.23339e-04  1.12592e-04
4.23469e+03  3.21981e-04  1.12130e-04
4.24602e+03  3.20878e-04  1.11707e-04
4.25739e+03  3.19187e-04  1.11294e-04
4.26878e+03  3.17312e-04  1.10755e-04
4.28020e+03  3.15095e-04  1.10182e-04
4.29165e+03  3.12751e-04  1.09626e-04
4.30313e+03  3.10791e-04  1.09145e-04
4.31465e+03  3.08172e-04  1.08683e-04
4.32619e+03  3.05851e-04  1.08292e-04
4.33777e+03  3.04396e-04  1.07993e-04
4.34937e+03  3.03028e-04  1.07685e-04
4.36101e+03  3.01646e-04  1.07218e-04
4.37268e+03  3.00652e-04  1.06671e-04
4.38438e+03  2.99180e-04  1.06120e-04
4.39611e+03  2.97643e-04  1.05642e-04
4.40787e+03  2.95891e-04  1.05232e-04
4.41966e+03  2.94092e-04  1.04957e-04
4.43148e+03  2.92415e-04  1.04541e-04
4.44334e+03  2.90377e-04  1.04059e-04
4.45523e+03  2.88593e-04  1.03515e-04
4.46714e+03  2.87009e-04  1.03045e-04
4.47909e+03  2.85502e-04  1.02523e-04
4.49108e+03  2.84169e-04  1.01962e-04
4.50309e+03  2.82921e-04  1.01377e-04
4.51514e+03  2.81662e-04  1.00813e-04
4.52721e+03  2.80088e-04  1.00261e-04
4.53933e+03  2.78135e-04  9.97655e-05
4.55147e+03  2.76253e-04  9.93711e-05
4.56364e+03  2.74161e-04  9.90020e-05
4.57585e+03  2.72172e-04  9.87115e-05
4.58809e+03  2.70617e-04  9.85393e-05
4.60036e+03  2.69472e-04  9.84643e-05
4.61267e+03  2.68528e-04  9.81872e-05
4.62501e+03  2.67312e-04  9.77642e-05
4.63738e+03  2.66106e-04  9.74076e-05
4.64978e+03  2.65322e-04  9.70751e-05
4.66222e+03  2.64206e-04  9.66751e-05
4.67469e+03  2.62648e-04  9.62457e-05
4.68719e+03  2.61181e-04  9.57722e-05
4.69973e+03  2.59410e-04  9.53494e-05
4.71230e+03  2.57764e-04  9.49597e-05
4.72490e+03  2.56343e-04  9.46298e-05
4.73754e+03  2.55057e-04  9.43059e-05
4.75021e+03  2.53802e-04  9.38260e-05
4.76291e+03  2.52586e-04  9.33161e-05
4.77565e+03  2.51190e-04  9.29131e-05
4.78842e+03  2.50498e-04  9.25321e-05
4.80123e+03  2.49318e-04  9.21071e-05
4.81407e+03  2.47659e-04  9.16343e-05
4.82694e+03  2.45894e-04  9.11046e-05
4.83985e+03  2.43841e-04  9.06018e-05
4.85280e+03  2.41946e-04  9.01680e-05
4.86577e+03  2.40541e-04  8.98056e-05
4.87879e+03  2.39262e-04  8.95601e-05
4.89183e+03  2.38148e-04  8.92934e-05
4.90491e+03  2.36913e-04  8.88821e-05
4.91803e+03  2.35689e-04  8.85067e-05
4.93118e+03  2.34843e-04  8.80829e-05
4.94437e+03  2.33974e-04  8.76706e-05
4.95759e+03  2.32739e-04  8.72799e-05
4.97085e+03  2.31194e-04  8.68747e-05
4.98414e+03  2.29535e-04  8.64591e-05
4.99747e+03  2.28041e-04  8.60872e-05
5.01083e+03  2.26782e-04  8.57376e-05
5.02423e+03  2.25558e-04  8.52997e-05
5.03766e+03  2.24470e-04  8.48699e-05
5.05113e+03  2.23260e-04  8.44629e-05
5.06464e+03  2.22204e-04  8.40298e-05
5.07818e+03  2.21023e-04  8.35164e-05
5.09176e+03  2.20209e-04  8.30383e-05
5.10537e+03  2.19157e-04  8.26137e-05
5.11903e+03  2.17581e-04  8.22489e-05
5.13271e+03  2.16132e-04  8.20257e-05
5.14644e+03  2.14708e-04  8.18076e-05
5.16020e+03  2.13192e-04  8.15131e-05
5.17399e+03  2.12073e-04  8.12010e-05
5.18783e+03  2.11109e-04  8.08795e-05
5.20170e+03  2.10128e-04  8.06176e-05
5.21560e+03  2.09228e-04  8.03487e-05
5.22955e+03  2.08188e-04  8.00217e-05
5.24353e+03  2.07424e-04  7.96817e-05
5.25755e+03  2.06613e-04  7.92676e-05
5.27160e+03  2.05271e-04  7.88007e-05
5.28570e+03  2.03745e-04  7.83725e-05
5.29983e+03  2.02396e-04  7.79991e-05
5.31400e+03  2.01219e-04  7.76194e-05
5.32820e+03  2.00312e-04  7.72801e-05
5.34245e+03  1.99465e-04  7.70041e-05
5.35673e+03  1.98583e-04  7.66619e-05
5.37105e+03  1.97762e-04  7.63392e-05
5.38541e+03  1.96948e-04  7.61039e-05
5.39980e+03  1.96160e-04  7.58873e-05
5.41424e+03  1.95395e-04  7.56733e-05
5.42871e+03  1.94246e-04  7.54617e-05
5.44322e+03  1.92756e-04  7.52073e-05
5.45777e+03  1.91247e-04  7.48217e-05
5.47236e+03  1.89984e-04  7.44214e-05
5.48699e+03  1.88922e-04  7.40537e-05
5.50166e+03  1.88135e-04  7.36966e-05
5.51637e+03  1.87248e-04  7.33708e-05
5.53111e+03  1.86398e-04  7.31112e-05
5.54590e+03  1.85577e-04  7.27926e-05
5.56072e+03  1.84567e-04  7.23820e-05
5.57558e+03  1.83769e-04  7.20894e-05
5.59049e+03  1.83093e-04  7.18079e-05
5.60543e+03  1.81937e-04  7.14537e-05
5.62041e+03  1.80807e-04  7.11174e-05
5.63543e+03  1.79736e-04  7.07409e-05
5.65050e+03  1.78766e-04  7.03650e-05
5.66560e+03  1.78115e-04  6.99982e-05
5.68074e+03  1.77444e-04  6.96637e-05
5.69593e+03  1.76610e-04  6.94273e-05
5.71115e+03  1.75827e-04  6.92596e-05
5.72641e+03  1.74983e-04  6.91290e-05
5.74172e+03  1.73965e-04  6.88860e-05
5.75706e+03  1.73175e-04  6.85783e-05
5.77245e+03  1.72108e-04  6.82978e-05
5.78788e+03  1.70952e-04  6.81022e-05
5.80335e+03  1.69883e-04  6.78365e-05
5.81886e+03  1.69088e-04  6.76132e-05
5.83441e+03  1.68509e-04  6.74620e-05
5.85000e+03  1.67849e-04  6.71806e-05
5.86564e+03  1.67169e-04  6.68749e-05
5.88131e+03  1.66354e-04  6.65613e-05
5.89703e+03  1.65412e-04  6.62805e-05
5.91279e+03  1.64512e-04  6.60270e-05
5.92859e+03  1.63782e-04  6.58137e-05
5.94443e+03  1.62991e-04  6.55792e-05
5.96032e+03  1.61940e-04  6.52197e-05
5.97625e+03  1.61062e-04  6.49560e-05
5.99222e+03  1.60427e-04  6.47876e-05
6.00823e+03  1.59859e-04  6.45961e-05
6.02429e+03  1.59302e-04  6.44344e-05
6.04039e+03  1.58711e-04  6.42389e-05
6.05653e+03  1.57998e-04  6.39936e-05
6.07271e+03  1.57070e-04  6.36197e-05
6.08894e+03  1.56004e-04  6.32283e-05
6.10521e+03  1.55002e-04  6.28732e-05
6.12152e+03  1.54304e-04  6.26108e-05
6.13788e+03  1.53483e-04  6.24137e-05
6.15428e+03  1.52602e-04  6.21648e-05
6.17073e+03  1.51677e-04  6.17363e-05
6.18722e+03  1.50890e-04  6.13324e-05
6.20375e+03  1.50184e-04  6.09164e-05
6.22033e+03  1.49602e-04  6.06553e-05
6.23695e+03  1.48941e-04  6.04331e-05
6.25361e+03  1.48038e-04  6.01915e-05
6.27032e+03  1.47131e-04  5.99603e-05
6.28707e+03  1.46309e-04  5.97463e-05
6.30387e+03  1.45707e-04  5.95108e-05
6.32072e+03  1.45276e-04  5.92944e-05
6.33760e+03  1.44815e-04  5.91780e-05
6.35454e+03  1.44361e-04  5.91131e-05
6.37152e+03  1.43802e-04  5.90070e-05
6.38854e+03  1.43257e-04  5.88785e-05
6.40561e+03  1.42717e-04  5.87145e-05
6.42272e+03  1.42147e-04  5.85633e-05
6.43988e+03  1.41355e-04  5.83517e-05
6.45709e+03  1.40547e-04  5.81275e-05
6.47434e+03  1.39694e-04  5.79206e-05
6.49164e+03  1.38720e-04  5.76428e-05
6.50898e+03  1.37864e-04  5.73518e-05
6.52637e+03  1.36968e-04  5.70569e-05
6.54381e+03  1.36311e-04  5.68553e-05
6.56129e+03  1.35918e-04  5.66522e-05
6.57882e+03  1.35486e-04  5.64471e-05
6.59639e+03  1.34888e-04  5.61833e-05
6.61402e+03  1.34204e-04  5.58683e-05
6.63169e+03  1.33409e-04  5.55629e-05
6.64940e+03  1.32641e-04  5.52525e-05
6.66717e+03  1.32044e-04  5.49830e-05
6.68498e+03  1.31515e-04  5.47949e-05
6.70284e+03  1.31087e-04  5.46150e-05
6.72074e+03  1.30479e-04  5.44067e-05
6.73870e+03  1.29861e-04  5.41749e-05
6.75670e+03  1.29357e-04  5.38915e-05
6.77475e+03  1.28850e-04  5.36260e-05
6.79285e+03  1.28301e-04  5.34052e-05
6.81099e+03  1.27658e-04  5.31293e-05
6.82919e+03  1.26992e-04  5.29531e-05
6.84743e+03  1.26249e-04  5.27499e-05
6.86572e+03  1.25429e-04  5.24959e-05
6.88406e+03  1.24755e-04  5.22543e-05
6.90245e+03  1.24294e-04  5.20715e-05
6.92089e+03  1.23753e-04  5.19151e-05
6.93937e+03  1.23147e-04  5.16875e-05
6.95791e+03  1.22504e-04  5.13788e-05
6.97650e+03  1.21969e-04  5.11275e-05
6.99513e+03  1.21451e-04  5.09279e-05
7.01382e+03  1.20871e-04  5.07929e-05
7.03255e+03  1.20234e-04  5.06599e-05
7.05133e+03  1.19578e-04  5.05094e-05
7.07017e+03  1.19019e-04  5.03146e-05
7.08905e+03  1.18583e-04  5.02137e-05
7.10799e+03  1.18104e-04  5.00801e-05
7.12697e+03  1.17617e-04  4.98812e-05
7.14601e+03  1.16982e-04  4.96526e-05
7.16510e+03  1.16416e-04  4.94220e-05
7.18423e+03  1.15858e-04  4.91938e-05
7.20342e+03  1.15254e-04  4.90014e-05
7.22266e+03  1.14607e-04  4.88126e-05
7.24195e+03  1.14187e-04  4.87445e-05
7.26130e+03  1.13744e-04  4.86999e-05
7.28069e+03  1.13355e-04  4.86347e-05
7.30014e+03  1.12906e-04  4.85297e-05
7.31963e+03  1.12304e-04  4.83043e-05
7.33918e+03  1.11831e-04  4.80207e-05
7.35878e+03  1.11394e-04  4.77120e-05
7.37844e+03  1.10965e-04  4.74047e-05
7.39814e+03  1.10417e-04  4.70710e-05
7.41790e+03  1.09929e-04  4.68053e-05
7.43771e+03  1.09355e-04  4.65700e-05
7.45758e+03  1.08766e-04  4.63492e-05
7.47749e+03  1.08241e-04  4.61506e-05
7.49746e+03  1.07787e-04  4.59884e-05
7.51749e+03  1.07256e-04  4.57927e-05
7.53756e+03  1.06704e-04  4.55899e-05
7.55769e+03  1.06108e-04  4.53703e-05
7.57788e+03  1.05592e-04  4.51878e-05
7.59811e+03  1.05088e-04  4.49616e-05
7.61840e+03  1.04528e-04  4.47454e-05
7.63875e+03  1.03973e-04  4.45585e-05
7.65915e+03  1.03348e-04  4.44052e-05
7.67960e+03  1.02797e-04  4.42447e-05
7.70011e+03  1.02505e-04  4.41114e-05
7.72067e+03  1.02106e-04  4.39318e-05
7.74129e+03  1.01615e-04  4.37291e-05
7.76196e+03  1.01049e-04  4.35160e-05
7.78269e+03  1.00520e-04  4.33519e-05
7.80347e+03  1.00071e-04  4.32279e-05
7.82431e+03  9.96674e-05  4.31059e-05
7.84521e+03  9.93606e-05  4.30371e-05
7.86616e+03  9.89686e-05  4.29238e-05
7.88716e+03  9.85402e-05  4.28303e-05
7.90822e+03  9.80800e-05  4.27299e-05
7.92934e+03  9.76340e-05  4.25704e-05
7.95051e+03  9.71159e-05  4.23534e-05
7.97174e+03  9.66171e-05  4.21975e-05
7.99303e+03  9.61313e-05  4.20378e-05
8.01437e+03  9.57579e-05  4.18618e-05
8.03577e+03  9.53269e-05  4.16947e-05
8.05723e+03  9.48943e-05  4.15280e-05
8.07874e+03  9.45275e-05  4.13914e-05
8.10032e+03  9.41526e-05  4.11760e-05
8.12194e+03  9.37553e-05  4.09551e-05
8.14363e+03  9.33269e-05  4.07341e-05
8.16538e+03  9.29982e-05  4.05292e-05
8.18718e+03  9.25755e-05  4.03736e-05
8.20904e+03  9.20620e-05  4.01937e-05
8.23096e+03  9.16237e-05  4.00155e-05
8.25293e+03  9.12706e-05  3.98362e-05
8.27497e+03  9.09411e-05  3.97052e-05
8.29706e+03  9.04936e-05  3.94965e-05
8.31922e+03  9.00409e-05  3.92969e-05
8.34143e+03  8.95995e-05  3.91390e-05
8.36370e+03  8.91194e-05  3.89525e-05
8.38603e+03  8.87110e-05  3.87741e-05
8.40842e+03  8.83588e-05  3.86525e-05
8.43087e+03  8.79696e-05  3.84903e-05
8.45338e+03  8.75057e-05  3.82934e-05
8.47595e+03  8.71017e-05  3.81384e-05
8.49858e+03  8.67335e-05  3.79523e-05
8.52127e+03  8.63409e-05  3.77685e-05
8.54402e+03  8.58552e-05  3.76024e-05
8.56683e+03  8.55292e-05  3.74343e-05
8.58970e+03  8.50913e-05  3.72800e-05
8.61264e+03  8.46853e-05  3.71516e-05
8.63563e+03  8.42110e-05  3.70304e-05
8.65868e+03  8.36458e-05  3.69163e-05
8.68180e+03  8.32171e-05  3.68425e-05
8.70498e+03  8.29738e-05  3.68243e-05
8.72822e+03  8.27571e-05  3.67756e-05
8.75152e+03  8.25261e-05  3.67182e-05
8.77488e+03  8.21965e-05  3.66269e-05
8.79831e+03  8.19470e-05  3.65486e-05
8.82180e+03  8.16590e-05  3.64536e-05
8.84535e+03  8.13272e-05  3.62965e-05
8.86896e+03  8.09609e-05  3.60999e-05
8.89264e+03  8.04765e-05  3.58844e-05
8.91638e+03  8.00360e-05  3.57169e-05
8.94018e+03  7.96753e-05  3.55705e-05
8.96405e+03  7.93276e-05  3.53944e-05
8.98798e+03  7.89185e-05  3.51877e-05
9.01197e+03  7.85483e-05  3.49814e-05
9.03603e+03  7.81788e-05  3.47496e-05
9.06015e+03  7.78452e-05  3.45618e-05
9.08434e+03  7.75599e-05  3.44387e-05
9.10859e+03  7.72659e-05  3.43122e-05
9.13290e+03  7.68867e-05  3.41892e-05
9.15728e+03  7.65675e-05  3.41130e-05
9.18173e+03  7.62464e-05  3.39900e-05
9.20624e+03  7.59455e-05  3.38787e-05
9.23081e+03  7.56380e-05  3.37562e-05
9.25545e+03  7.53008e-05  3.36206e-05
9.28016e+03  7.50902e-05  3.35545e-05
9.30493e+03  7.48773e-05  3.34900e-05
9.32977e+03  7.46740e-05  3.34068e-05
9.35467e+03  7.44080e-05  3.32806e-05
9.37964e+03  7.39730e-05  3.31092e-05
9.40468e+03  7.34242e-05  3.29128e-05
9.42979e+03  7.29338e-05  3.27088e-05
9.45496e+03  7.25101e-05  3.24775e-05
9.48019e+03  7.20851e-05  3.22199e-05
9.50550e+03  7.17469e-05  3.20257e-05
9.53087e+03  7.14347e-05  3.19191e-05
9.55631e+03  7.11211e-05  3.18582e-05
9.58182e+03  7.07002e-05  3.17315e-05
9.60739e+03  7.03547e-05  3.16004e-05
9.63304e+03  7.00271e-05  3.14632e-05
9.65875e+03  6.96986e-05  3.13770e-05
9.68453e+03  6.93632e-05  3.12673e-05
9.71038e+03  6.90315e-05  3.11652e-05
9.73630e+03  6.86984e-05  3.10593e-05
9.76229e+03  6.84032e-05  3.09237e-05
9.78834e+03  6.81182e-05  3.07953e-05
9.81447e+03  6.78973e-05  3.07081e-05
9.84066e+03  6.77311e-05  3.06212e-05
9.86693e+03  6.75102e-05  3.05441e-05
9.89326e+03  6.72831e-05  3.04362e-05
9.91967e+03  6.70227e-05  3.03437e-05
9.94615e+03  6.67547e-05  3.02062e-05
9.97269e+03  6.65310e-05  3.00816e-05
9.99931e+03  6.63012e-05  2.99735e-05
