####################################################################
# synthetic light curve dataset
#
# Downloaded from http://cosmo.nyu.edu/afterglowlibrary
#
# reference: van Eerten, H., Zhang, W., MacFadyen, A. 2010 ApJ, 722, 235
#
# Observer parameters:
#   redshift, z: 0
#   luminosity distance, d_L: 1e28 cm
#   observer angle, theta_obs: 1.570e+00 rad
#   observer frequency, nu_obs: 8.460e+09 Hz
#
# jet dynamics parameters:
#   energy in both jets, E_jets: 2e51 erg
#   jet half opening angle, theta_jet: 0.2 rad
#   isotropic equivalent explosion energy, E_iso: 1e53 erg
#   circumburst number density, n: 1 cm^-3
#
# Radiation settings:
#   thermal energy fraction in magnetic field, epsilon_B: 0.1
#   thermal energy fraction in accelerated electrons, epsilon_E: 0.1
#   accelerated electron distribution power law slope, p: 2.5
#
# corresponding hdf5 file: vla1d57.h5
#
####################################################################
# listed quantities left to right:
# - observer time in days
# - monochromatic flux in mJy
# - monochromatic flux in mJy, forward jet only
4.00733e+01  0.00000e+00  0.00000e+00
4.02300e+01  0.00000e+00  0.00000e+00
4.03872e+01  0.00000e+00  0.00000e+00
4.05448e+01  0.00000e+00  0.00000e+00
4.07028e+01  0.00000e+00  0.00000e+00
4.08612e+01  0.00000e+00  0.00000e+00
4.10201e+01  0.00000e+00  0.00000e+00
4.11794e+01  0.00000e+00  0.00000e+00
4.13391e+01  0.00000e+00  0.00000e+00
4.14992e+01  0.00000e+00  0.00000e+00
4.16597e+01  0.00000e+00  0.00000e+00
4.18207e+01  0.00000e+00  0.00000e+00
4.19821e+01  0.00000e+00  0.00000e+00
4.21440e+01  0.00000e+00  0.00000e+00
4.23062e+01  0.00000e+00  0.00000e+00
4.24689e+01  0.00000e+00  0.00000e+00
4.26321e+01  0.00000e+00  0.00000e+00
4.27956e+01  0.00000e+00  0.00000e+00
4.29597e+01  0.00000e+00  0.00000e+00
4.31241e+01  0.00000e+00  0.00000e+00
4.32890e+01  0.00000e+00  0.00000e+00
4.34543e+01  0.00000e+00  0.00000e+00
4.36201e+01  0.00000e+00  0.00000e+00
4.37863e+01  0.00000e+00  0.00000e+00
4.39529e+01  0.00000e+00  0.00000e+00
4.41200e+01  0.00000e+00  0.00000e+00
4.42875e+01  0.00000e+00  0.00000e+00
4.44555e+01  0.00000e+00  0.00000e+00
4.46239e+01  0.00000e+00  0.00000e+00
4.47928e+01  0.00000e+00  0.00000e+00
4.49621e+01  0.00000e+00  0.00000e+00
4.51319e+01  0.00000e+00  0.00000e+00
4.53022e+01  0.00000e+00  0.00000e+00
4.54728e+01  0.00000e+00  0.00000e+00
4.56440e+01  0.00000e+00  0.00000e+00
4.58156e+01  0.00000e+00  0.00000e+00
4.59876e+01  0.00000e+00  0.00000e+00
4.61601e+01  0.00000e+00  0.00000e+00
4.63331e+01  0.00000e+00  0.00000e+00
4.65065e+01  0.00000e+00  0.00000e+00
4.66804e+01  0.00000e+00  0.00000e+00
4.68548e+01  0.00000e+00  0.00000e+00
4.70296e+01  0.00000e+00  0.00000e+00
4.72049e+01  0.00000e+00  0.00000e+00
4.73806e+01  0.00000e+00  0.00000e+00
4.75569e+01  0.00000e+00  0.00000e+00
4.77335e+01  0.00000e+00  0.00000e+00
4.79107e+01  0.00000e+00  0.00000e+00
4.80883e+01  0.00000e+00  0.00000e+00
4.82664e+01  0.00000e+00  0.00000e+00
4.84450e+01  0.00000e+00  0.00000e+00
4.86241e+01  0.00000e+00  0.00000e+00
4.88036e+01  0.00000e+00  0.00000e+00
4.89836e+01  0.00000e+00  0.00000e+00
4.91641e+01  0.00000e+00  0.00000e+00
4.93451e+01  0.00000e+00  0.00000e+00
4.95265e+01  0.00000e+00  0.00000e+00
4.97085e+01  0.00000e+00  0.00000e+00
4.98909e+01  0.00000e+00  0.00000e+00
5.00738e+01  0.00000e+00  0.00000e+00
5.02572e+01  0.00000e+00  0.00000e+00
5.04411e+01  0.00000e+00  0.00000e+00
5.06255e+01  0.00000e+00  0.00000e+00
5.08103e+01  0.00000e+00  0.00000e+00
5.09957e+01  0.00000e+00  0.00000e+00
5.11815e+01  0.00000e+00  0.00000e+00
5.13679e+01  0.00000e+00  0.00000e+00
5.15547e+01  0.00000e+00  0.00000e+00
5.17421e+01  0.00000e+00  0.00000e+00
5.19299e+01  0.00000e+00  0.00000e+00
5.21182e+01  0.00000e+00  0.00000e+00
5.23071e+01  0.00000e+00  0.00000e+00
5.24964e+01  0.00000e+00  0.00000e+00
5.26863e+01  0.00000e+00  0.00000e+00
5.28766e+01  0.00000e+00  0.00000e+00
5.30675e+01  0.00000e+00  0.00000e+00
5.32589e+01  0.00000e+00  0.00000e+00
5.34507e+01  0.00000e+00  0.00000e+00
5.36431e+01  0.00000e+00  0.00000e+00
5.38360e+01  0.00000e+00  0.00000e+00
5.40295e+01  0.00000e+00  0.00000e+00
5.42234e+01  0.00000e+00  0.00000e+00
5.44178e+01  0.00000e+00  0.00000e+00
5.46128e+01  0.00000e+00  0.00000e+00
5.48083e+01  0.00000e+00  0.00000e+00
5.50043e+01  0.00000e+00  0.00000e+00
5.52008e+01  0.00000e+00  0.00000e+00
5.53979e+01  0.00000e+00  0.00000e+00
5.55955e+01  0.00000e+00  0.00000e+00
5.57936e+01  0.00000e+00  0.00000e+00
5.59922e+01  0.00000e+00  0.00000e+00
5.61914e+01  0.00000e+00  0.00000e+00
5.63910e+01  0.00000e+00  0.00000e+00
5.65913e+01  0.00000e+00  0.00000e+00
5.67920e+01  0.00000e+00  0.00000e+00
5.69933e+01  0.00000e+00  0.00000e+00
5.71952e+01  0.00000e+00  0.00000e+00
5.73975e+01  0.00000e+00  0.00000e+00
5.76004e+01  0.00000e+00  0.00000e+00
5.78039e+01  0.00000e+00  0.00000e+00
5.80079e+01  0.00000e+00  0.00000e+00
5.82124e+01  0.00000e+00  0.00000e+00
5.84175e+01  0.00000e+00  0.00000e+00
5.86231e+01  0.00000e+00  0.00000e+00
5.88293e+01  0.00000e+00  0.00000e+00
5.90360e+01  0.00000e+00  0.00000e+00
5.92432e+01  0.00000e+00  0.00000e+00
5.94511e+01  0.00000e+00  0.00000e+00
5.96594e+01  0.00000e+00  0.00000e+00
5.98684e+01  0.00000e+00  0.00000e+00
6.00779e+01  0.00000e+00  0.00000e+00
6.02879e+01  0.00000e+00  0.00000e+00
6.04985e+01  0.00000e+00  0.00000e+00
6.07097e+01  0.00000e+00  0.00000e+00
6.09214e+01  0.00000e+00  0.00000e+00
6.11337e+01  0.00000e+00  0.00000e+00
6.13466e+01  0.00000e+00  0.00000e+00
6.15600e+01  0.00000e+00  0.00000e+00
6.17740e+01  0.00000e+00  0.00000e+00
6.19885e+01  0.00000e+00  0.00000e+00
6.22037e+01  0.00000e+00  0.00000e+00
6.24194e+01  0.00000e+00  0.00000e+00
6.26357e+01  0.00000e+00  0.00000e+00
6.28525e+01  0.00000e+00  0.00000e+00
6.30700e+01  0.00000e+00  0.00000e+00
6.32880e+01  0.00000e+00  0.00000e+00
6.35066e+01  0.00000e+00  0.00000e+00
6.37258e+01  0.00000e+00  0.00000e+00
6.39455e+01  0.00000e+00  0.00000e+00
6.41659e+01  0.00000e+00  0.00000e+00
6.43868e+01  0.00000e+00  0.00000e+00
6.46083e+01  0.00000e+00  0.00000e+00
6.48304e+01  0.00000e+00  0.00000e+00
6.50532e+01  0.00000e+00  0.00000e+00
6.52765e+01  0.00000e+00  0.00000e+00
6.55003e+01  0.00000e+00  0.00000e+00
6.57248e+01  0.00000e+00  0.00000e+00
6.59499e+01  0.00000e+00  0.00000e+00
6.61756e+01  0.00000e+00  0.00000e+00
6.64019e+01  0.00000e+00  0.00000e+00
6.66288e+01  0.00000e+00  0.00000e+00
6.68563e+01  0.00000e+00  0.00000e+00
6.70844e+01  0.00000e+00  0.00000e+00
6.73131e+01  0.00000e+00  0.00000e+00
6.75424e+01  0.00000e+00  0.00000e+00
6.77724e+01  0.00000e+00  0.00000e+00
6.80029e+01  0.00000e+00  0.00000e+00
6.82341e+01  0.00000e+00  0.00000e+00
6.84658e+01  0.00000e+00  0.00000e+00
6.86982e+01  0.00000e+00  0.00000e+00
6.89312e+01  0.00000e+00  0.00000e+00
6.91649e+01  0.00000e+00  0.00000e+00
6.93991e+01  0.00000e+00  0.00000e+00
6.96340e+01  0.00000e+00  0.00000e+00
6.98695e+01  0.00000e+00  0.00000e+00
7.01056e+01  0.00000e+00  0.00000e+00
7.03424e+01  0.00000e+00  0.00000e+00
7.05798e+01  0.00000e+00  0.00000e+00
7.08178e+01  0.00000e+00  0.00000e+00
7.10565e+01  0.00000e+00  0.00000e+00
7.12958e+01  0.00000e+00  0.00000e+00
7.15357e+01  0.00000e+00  0.00000e+00
7.17763e+01  0.00000e+00  0.00000e+00
7.20175e+01  0.00000e+00  0.00000e+00
7.22593e+01  0.00000e+00  0.00000e+00
7.25018e+01  0.00000e+00  0.00000e+00
7.27450e+01  0.00000e+00  0.00000e+00
7.29887e+01  0.00000e+00  0.00000e+00
7.32332e+01  0.00000e+00  0.00000e+00
7.34783e+01  0.00000e+00  0.00000e+00
7.37240e+01  0.00000e+00  0.00000e+00
7.39704e+01  0.00000e+00  0.00000e+00
7.42175e+01  0.00000e+00  0.00000e+00
7.44652e+01  0.00000e+00  0.00000e+00
7.47136e+01  0.00000e+00  0.00000e+00
7.49626e+01  0.00000e+00  0.00000e+00
7.52123e+01  0.00000e+00  0.00000e+00
7.54627e+01  0.00000e+00  0.00000e+00
7.57137e+01  0.00000e+00  0.00000e+00
7.59654e+01  0.00000e+00  0.00000e+00
7.62178e+01  0.00000e+00  0.00000e+00
7.64708e+01  0.00000e+00  0.00000e+00
7.67245e+01  0.00000e+00  0.00000e+00
7.69789e+01  0.00000e+00  0.00000e+00
7.72340e+01  0.00000e+00  0.00000e+00
7.74897e+01  0.00000e+00  0.00000e+00
7.77461e+01  0.00000e+00  0.00000e+00
7.80033e+01  0.00000e+00  0.00000e+00
7.82611e+01  0.00000e+00  0.00000e+00
7.85195e+01  0.00000e+00  0.00000e+00
7.87787e+01  0.00000e+00  0.00000e+00
7.90386e+01  0.00000e+00  0.00000e+00
7.92991e+01  0.00000e+00  0.00000e+00
7.95604e+01  0.00000e+00  0.00000e+00
7.98223e+01  0.00000e+00  0.00000e+00
8.00850e+01  0.00000e+00  0.00000e+00
8.03483e+01  0.00000e+00  0.00000e+00
8.06124e+01  0.00000e+00  0.00000e+00
8.08771e+01  0.00000e+00  0.00000e+00
8.11426e+01  0.00000e+00  0.00000e+00
8.14087e+01  0.00000e+00  0.00000e+00
8.16756e+01  0.00000e+00  0.00000e+00
8.19432e+01  0.00000e+00  0.00000e+00
8.22115e+01  0.00000e+00  0.00000e+00
8.24805e+01  0.00000e+00  0.00000e+00
8.27502e+01  0.00000e+00  0.00000e+00
8.30207e+01  0.00000e+00  0.00000e+00
8.32918e+01  0.00000e+00  0.00000e+00
8.35637e+01  0.00000e+00  0.00000e+00
8.38363e+01  0.00000e+00  0.00000e+00
8.41097e+01  0.00000e+00  0.00000e+00
8.43837e+01  0.00000e+00  0.00000e+00
8.46585e+01  0.00000e+00  0.00000e+00
8.49341e+01  0.00000e+00  0.00000e+00
8.52103e+01  0.00000e+00  0.00000e+00
8.54873e+01  0.00000e+00  0.00000e+00
8.57650e+01  0.00000e+00  0.00000e+00
8.60435e+01  0.00000e+00  0.00000e+00
8.63227e+01  0.00000e+00  0.00000e+00
8.66027e+01  0.00000e+00  0.00000e+00
8.68834e+01  0.00000e+00  0.00000e+00
8.71649e+01  0.00000e+00  0.00000e+00
8.74471e+01  0.00000e+00  0.00000e+00
8.77300e+01  0.00000e+00  0.00000e+00
8.80137e+01  0.00000e+00  0.00000e+00
8.82982e+01  0.00000e+00  0.00000e+00
8.85834e+01  0.00000e+00  0.00000e+00
8.88694e+01  0.00000e+00  0.00000e+00
8.91562e+01  0.00000e+00  0.00000e+00
8.94437e+01  0.00000e+00  0.00000e+00
8.97319e+01  0.00000e+00  0.00000e+00
9.00210e+01  0.00000e+00  0.00000e+00
9.03108e+01  0.00000e+00  0.00000e+00
9.06014e+01  0.00000e+00  0.00000e+00
9.08927e+01  0.00000e+00  0.00000e+00
9.11849e+01  0.00000e+00  0.00000e+00
9.14778e+01  0.00000e+00  0.00000e+00
9.17715e+01  0.00000e+00  0.00000e+00
9.20660e+01  0.00000e+00  0.00000e+00
9.23612e+01  0.00000e+00  0.00000e+00
9.26573e+01  0.00000e+00  0.00000e+00
9.29541e+01  0.00000e+00  0.00000e+00
9.32517e+01  0.00000e+00  0.00000e+00
9.35501e+01  0.00000e+00  0.00000e+00
9.38494e+01  0.00000e+00  0.00000e+00
9.41494e+01  0.00000e+00  0.00000e+00
9.44502e+01  0.00000e+00  0.00000e+00
9.47518e+01  0.00000e+00  0.00000e+00
9.50542e+01  0.00000e+00  0.00000e+00
9.53574e+01  0.00000e+00  0.00000e+00
9.56615e+01  0.00000e+00  0.00000e+00
9.59663e+01  0.00000e+00  0.00000e+00
9.62720e+01  0.00000e+00  0.00000e+00
9.65784e+01  0.00000e+00  0.00000e+00
9.68857e+01  0.00000e+00  0.00000e+00
9.71938e+01  0.00000e+00  0.00000e+00
9.75027e+01  0.00000e+00  0.00000e+00
9.78125e+01  0.00000e+00  0.00000e+00
9.81230e+01  0.00000e+00  0.00000e+00
9.84344e+01  0.00000e+00  0.00000e+00
9.87467e+01  0.00000e+00  0.00000e+00
9.90597e+01  0.00000e+00  0.00000e+00
9.93736e+01  0.00000e+00  0.00000e+00
9.96883e+01  0.00000e+00  0.00000e+00
1.00004e+02  0.00000e+00  0.00000e+00
1.00320e+02  0.00000e+00  0.00000e+00
1.00638e+02  0.00000e+00  0.00000e+00
1.00956e+02  0.00000e+00  0.00000e+00
1.01275e+02  0.00000e+00  0.00000e+00
1.01594e+02  0.00000e+00  0.00000e+00
1.01915e+02  0.00000e+00  0.00000e+00
1.02237e+02  0.00000e+00  0.00000e+00
1.02559e+02  0.00000e+00  0.00000e+00
1.02882e+02  0.00000e+00  0.00000e+00
1.03206e+02  0.00000e+00  0.00000e+00
1.03531e+02  0.00000e+00  0.00000e+00
1.03857e+02  0.00000e+00  0.00000e+00
1.04184e+02  0.00000e+00  0.00000e+00
1.04511e+02  0.00000e+00  0.00000e+00
1.04840e+02  0.00000e+00  0.00000e+00
1.05169e+02  0.00000e+00  0.00000e+00
1.05499e+02  0.00000e+00  0.00000e+00
1.05830e+02  0.00000e+00  0.00000e+00
1.06162e+02  0.00000e+00  0.00000e+00
1.06495e+02  0.00000e+00  0.00000e+00
1.06828e+02  0.00000e+00  0.00000e+00
1.07163e+02  0.00000e+00  0.00000e+00
1.07499e+02  0.00000e+00  0.00000e+00
1.07835e+02  0.00000e+00  0.00000e+00
1.08172e+02  0.00000e+00  0.00000e+00
1.08510e+02  0.00000e+00  0.00000e+00
1.08849e+02  0.00000e+00  0.00000e+00
1.09189e+02  0.00000e+00  0.00000e+00
1.09530e+02  0.00000e+00  0.00000e+00
1.09872e+02  0.00000e+00  0.00000e+00
1.10215e+02  0.00000e+00  0.00000e+00
1.10558e+02  0.00000e+00  0.00000e+00
1.10903e+02  0.00000e+00  0.00000e+00
1.11248e+02  0.00000e+00  0.00000e+00
1.11595e+02  0.00000e+00  0.00000e+00
1.11942e+02  0.00000e+00  0.00000e+00
1.12290e+02  0.00000e+00  0.00000e+00
1.12639e+02  0.00000e+00  0.00000e+00
1.12989e+02  0.00000e+00  0.00000e+00
1.13340e+02  0.00000e+00  0.00000e+00
1.13692e+02  0.00000e+00  0.00000e+00
1.14045e+02  0.00000e+00  0.00000e+00
1.14399e+02  0.00000e+00  0.00000e+00
1.14754e+02  0.00000e+00  0.00000e+00
1.15109e+02  0.00000e+00  0.00000e+00
1.15466e+02  0.00000e+00  0.00000e+00
1.15824e+02  0.00000e+00  0.00000e+00
1.16182e+02  0.00000e+00  0.00000e+00
1.16542e+02  0.00000e+00  0.00000e+00
1.16902e+02  0.00000e+00  0.00000e+00
1.17264e+02  0.00000e+00  0.00000e+00
1.17626e+02  0.00000e+00  0.00000e+00
1.17989e+02  0.00000e+00  0.00000e+00
1.18354e+02  4.96645e-09  4.93517e-09
1.18719e+02  6.06988e-08  4.57382e-08
1.19085e+02  1.92827e-07  1.23072e-07
1.19453e+02  4.00025e-07  2.38465e-07
1.19821e+02  6.87883e-07  3.97625e-07
1.20190e+02  1.07036e-06  6.02252e-07
1.20560e+02  1.54112e-06  8.54472e-07
1.20931e+02  2.10439e-06  1.14642e-06
1.21303e+02  2.71660e-06  1.46176e-06
1.21677e+02  3.43582e-06  1.84433e-06
1.22051e+02  4.27113e-06  2.27817e-06
1.22426e+02  5.19529e-06  2.75380e-06
1.22802e+02  6.23419e-06  3.29802e-06
1.23179e+02  7.37754e-06  3.87918e-06
1.23557e+02  8.58147e-06  4.49435e-06
1.23936e+02  9.85662e-06  5.14618e-06
1.24317e+02  1.12291e-05  5.85071e-06
1.24698e+02  1.27272e-05  6.62157e-06
1.25080e+02  1.43593e-05  7.46571e-06
1.25463e+02  1.61351e-05  8.36695e-06
1.25847e+02  1.80057e-05  9.32945e-06
1.26233e+02  1.99350e-05  1.02889e-05
1.26619e+02  2.19023e-05  1.12955e-05
1.27006e+02  2.39841e-05  1.23620e-05
1.27395e+02  2.62395e-05  1.35121e-05
1.27784e+02  2.86619e-05  1.47520e-05
1.28174e+02  3.11241e-05  1.59881e-05
1.28566e+02  3.35042e-05  1.71555e-05
1.28958e+02  3.60507e-05  1.84946e-05
1.29352e+02  3.87441e-05  1.98477e-05
1.29746e+02  4.14932e-05  2.12275e-05
1.30142e+02  4.42632e-05  2.26303e-05
1.30539e+02  4.73403e-05  2.42422e-05
1.30937e+02  5.04398e-05  2.57488e-05
1.31335e+02  5.35520e-05  2.73435e-05
1.31735e+02  5.67800e-05  2.89839e-05
1.32136e+02  6.02242e-05  3.07482e-05
1.32538e+02  6.36549e-05  3.24220e-05
1.32941e+02  6.70221e-05  3.41517e-05
1.33345e+02  7.05924e-05  3.59553e-05
1.33751e+02  7.44302e-05  3.79450e-05
1.34157e+02  7.84738e-05  3.99770e-05
1.34564e+02  8.24013e-05  4.18986e-05
1.34973e+02  8.62841e-05  4.38788e-05
1.35382e+02  9.04362e-05  4.60295e-05
1.35793e+02  9.47358e-05  4.81451e-05
1.36205e+02  9.92150e-05  5.04496e-05
1.36618e+02  1.03735e-04  5.27747e-05
1.37032e+02  1.08471e-04  5.50615e-05
1.37447e+02  1.13117e-04  5.74872e-05
1.37863e+02  1.17830e-04  5.98206e-05
1.38280e+02  1.22743e-04  6.23166e-05
1.38698e+02  1.28056e-04  6.50727e-05
1.39118e+02  1.33414e-04  6.76837e-05
1.39539e+02  1.38562e-04  7.03288e-05
1.39960e+02  1.44037e-04  7.30556e-05
1.40383e+02  1.49453e-04  7.58034e-05
1.40807e+02  1.55021e-04  7.86150e-05
1.41232e+02  1.61047e-04  8.17167e-05
1.41658e+02  1.66904e-04  8.46172e-05
1.42086e+02  1.72932e-04  8.76354e-05
1.42514e+02  1.78948e-04  9.06705e-05
1.42944e+02  1.84734e-04  9.35826e-05
1.43375e+02  1.91425e-04  9.70005e-05
1.43807e+02  1.97476e-04  1.00013e-04
1.44240e+02  2.04075e-04  1.03350e-04
1.44674e+02  2.10653e-04  1.06646e-04
1.45109e+02  2.16764e-04  1.09702e-04
1.45546e+02  2.24126e-04  1.13548e-04
1.45984e+02  2.30626e-04  1.16672e-04
1.46423e+02  2.37682e-04  1.20281e-04
1.46863e+02  2.44741e-04  1.23894e-04
1.47304e+02  2.51509e-04  1.27119e-04
1.47746e+02  2.63020e-04  1.34235e-04
1.48190e+02  2.74823e-04  1.38849e-04
1.48635e+02  2.81500e-04  1.42194e-04
1.49081e+02  2.88918e-04  1.46232e-04
1.49528e+02  2.97637e-04  1.50362e-04
1.49976e+02  3.04619e-04  1.54134e-04
1.50426e+02  3.13168e-04  1.58184e-04
1.50876e+02  3.20909e-04  1.62298e-04
1.51328e+02  3.28368e-04  1.65700e-04
1.51782e+02  3.36794e-04  1.70437e-04
1.52236e+02  3.46763e-04  1.75432e-04
1.52691e+02  3.56155e-04  1.79883e-04
1.53148e+02  3.63579e-04  1.83615e-04
1.53606e+02  3.74144e-04  1.89319e-04
1.54065e+02  3.82048e-04  1.92684e-04
1.54526e+02  3.91330e-04  1.97847e-04
1.54987e+02  4.01548e-04  2.03035e-04
1.55450e+02  4.11803e-04  2.07927e-04
1.55914e+02  4.19963e-04  2.11972e-04
1.56380e+02  4.30228e-04  2.17465e-04
1.56846e+02  4.39924e-04  2.22088e-04
1.57314e+02  4.50109e-04  2.27382e-04
1.57783e+02  4.62233e-04  2.33699e-04
1.58254e+02  4.72505e-04  2.38494e-04
1.58725e+02  4.82044e-04  2.43179e-04
1.59198e+02  4.94708e-04  2.50255e-04
1.59672e+02  5.03164e-04  2.53231e-04
1.60147e+02  5.15221e-04  2.61188e-04
1.60624e+02  5.28599e-04  2.66134e-04
1.61102e+02  5.37906e-04  2.71816e-04
1.61581e+02  5.50506e-04  2.78022e-04
1.62062e+02  5.62692e-04  2.84091e-04
1.62543e+02  5.76788e-04  2.91424e-04
1.63026e+02  5.89723e-04  2.98038e-04
1.63511e+02  6.05264e-04  3.05492e-04
1.63996e+02  6.15947e-04  3.10522e-04
1.64483e+02  6.30834e-04  3.18976e-04
1.64971e+02  6.40577e-04  3.22155e-04
1.65461e+02  6.53340e-04  3.30590e-04
1.65952e+02  6.66927e-04  3.35622e-04
1.66444e+02  6.78390e-04  3.43058e-04
1.66937e+02  6.93850e-04  3.49631e-04
1.67432e+02  7.04762e-04  3.55407e-04
1.67928e+02  7.18766e-04  3.62760e-04
1.68425e+02  7.34830e-04  3.71166e-04
1.68924e+02  7.48023e-04  3.76776e-04
1.69424e+02  7.63200e-04  3.85443e-04
1.69925e+02  7.76359e-04  3.91203e-04
1.70428e+02  7.92718e-04  4.00459e-04
1.70932e+02  8.06737e-04  4.06512e-04
1.71437e+02  8.20584e-04  4.13591e-04
1.71944e+02  8.35256e-04  4.21711e-04
1.72452e+02  8.49203e-04  4.27448e-04
1.72961e+02  8.64696e-04  4.36856e-04
1.73472e+02  8.82872e-04  4.45426e-04
1.73984e+02  9.01372e-04  4.54595e-04
1.74498e+02  9.16806e-04  4.62752e-04
1.75013e+02  9.32354e-04  4.69310e-04
1.75529e+02  9.45957e-04  4.76781e-04
1.76046e+02  9.64088e-04  4.87321e-04
1.76565e+02  9.80961e-04  4.93443e-04
1.77086e+02  9.94722e-04  5.01537e-04
1.77608e+02  1.01488e-03  5.12941e-04
1.78131e+02  1.03261e-03  5.19594e-04
1.78655e+02  1.04875e-03  5.29324e-04
1.79181e+02  1.07134e-03  5.41283e-04
1.79709e+02  1.08960e-03  5.47766e-04
1.80237e+02  1.10488e-03  5.57782e-04
1.80767e+02  1.12798e-03  5.69650e-04
1.81299e+02  1.14654e-03  5.76587e-04
1.81832e+02  1.16211e-03  5.86375e-04
1.82366e+02  1.18419e-03  5.97638e-04
1.82902e+02  1.20486e-03  6.06789e-04
1.83439e+02  1.22154e-03  6.15630e-04
1.83978e+02  1.24527e-03  6.28408e-04
1.84518e+02  1.26815e-03  6.39999e-04
1.85060e+02  1.28914e-03  6.49277e-04
1.85603e+02  1.30946e-03  6.59881e-04
1.86147e+02  1.33063e-03  6.71432e-04
1.86693e+02  1.35595e-03  6.83290e-04
1.87240e+02  1.37469e-03  6.92656e-04
1.87789e+02  1.39834e-03  7.05531e-04
1.88339e+02  1.42431e-03  7.18349e-04
1.88891e+02  1.44499e-03  7.27235e-04
1.89444e+02  1.46565e-03  7.38640e-04
1.89999e+02  1.48993e-03  7.51646e-04
1.90555e+02  1.51965e-03  7.67155e-04
1.91113e+02  1.54689e-03  7.79258e-04
1.91672e+02  1.56727e-03  7.89386e-04
1.92233e+02  1.59442e-03  8.04381e-04
1.92795e+02  1.62184e-03  8.17448e-04
1.93358e+02  1.64800e-03  8.30699e-04
1.93923e+02  1.67408e-03  8.43749e-04
1.94490e+02  1.70240e-03  8.58715e-04
1.95058e+02  1.73135e-03  8.72403e-04
1.95628e+02  1.76144e-03  8.88583e-04
1.96199e+02  1.78990e-03  9.01817e-04
1.96772e+02  1.81651e-03  9.15329e-04
1.97346e+02  1.84809e-03  9.32324e-04
1.97921e+02  1.87893e-03  9.46553e-04
1.98499e+02  1.90862e-03  9.62185e-04
1.99078e+02  1.93712e-03  9.75904e-04
1.99658e+02  1.96900e-03  9.93056e-04
2.00240e+02  2.00081e-03  1.00792e-03
2.00823e+02  2.03205e-03  1.02431e-03
2.01408e+02  2.06539e-03  1.04134e-03
2.01995e+02  2.09625e-03  1.05566e-03
2.02583e+02  2.12768e-03  1.07219e-03
2.03172e+02  2.16368e-03  1.09171e-03
2.03764e+02  2.20493e-03  1.11212e-03
2.04357e+02  2.24171e-03  1.12952e-03
2.04951e+02  2.27566e-03  1.14667e-03
2.05547e+02  2.30819e-03  1.16259e-03
2.06145e+02  2.34070e-03  1.17898e-03
2.06744e+02  2.38139e-03  1.20250e-03
2.07344e+02  2.42331e-03  1.21956e-03
2.07947e+02  2.45589e-03  1.23811e-03
2.08551e+02  2.49305e-03  1.25518e-03
2.09156e+02  2.52684e-03  1.27344e-03
2.09764e+02  2.57144e-03  1.29726e-03
2.10372e+02  2.61758e-03  1.31952e-03
2.10983e+02  2.65912e-03  1.33964e-03
2.11595e+02  2.69468e-03  1.35666e-03
2.12208e+02  2.73658e-03  1.38026e-03
2.12824e+02  2.78071e-03  1.40082e-03
2.13441e+02  2.82749e-03  1.42616e-03
2.14059e+02  2.87529e-03  1.44896e-03
2.14680e+02  2.91420e-03  1.46649e-03
2.15302e+02  2.95365e-03  1.48927e-03
2.15925e+02  3.00785e-03  1.51719e-03
2.16550e+02  3.05986e-03  1.54219e-03
2.17177e+02  3.11300e-03  1.56962e-03
2.17806e+02  3.15461e-03  1.58648e-03
2.18436e+02  3.19543e-03  1.61235e-03
2.19068e+02  3.25731e-03  1.64159e-03
2.19701e+02  3.30295e-03  1.66381e-03
2.20337e+02  3.36139e-03  1.69651e-03
2.20974e+02  3.41522e-03  1.71772e-03
2.21612e+02  3.45411e-03  1.74044e-03
2.22253e+02  3.51429e-03  1.77263e-03
2.22895e+02  3.56973e-03  1.79772e-03
2.23539e+02  3.63109e-03  1.83246e-03
2.24184e+02  3.69212e-03  1.85927e-03
2.24831e+02  3.73940e-03  1.88307e-03
2.25480e+02  3.79394e-03  1.91100e-03
2.26131e+02  3.84677e-03  1.93770e-03
2.26783e+02  3.90448e-03  1.96680e-03
2.27437e+02  3.95600e-03  1.99206e-03
2.28093e+02  4.02353e-03  2.03007e-03
2.28751e+02  4.08973e-03  2.06023e-03
2.29410e+02  4.15543e-03  2.09499e-03
2.30072e+02  4.22159e-03  2.12609e-03
2.30734e+02  4.27554e-03  2.15310e-03
2.31399e+02  4.34389e-03  2.18929e-03
2.32066e+02  4.39863e-03  2.21278e-03
2.32734e+02  4.45294e-03  2.24353e-03
2.33404e+02  4.52266e-03  2.27838e-03
2.34076e+02  4.57973e-03  2.30498e-03
2.34749e+02  4.64499e-03  2.34034e-03
2.35424e+02  4.71416e-03  2.37454e-03
2.36102e+02  4.78284e-03  2.41006e-03
2.36781e+02  4.85752e-03  2.44706e-03
2.37461e+02  4.92561e-03  2.48110e-03
2.38144e+02  4.99715e-03  2.51647e-03
2.38828e+02  5.05539e-03  2.54298e-03
2.39515e+02  5.11698e-03  2.57707e-03
2.40203e+02  5.18682e-03  2.61144e-03
2.40893e+02  5.25468e-03  2.64590e-03
2.41584e+02  5.32733e-03  2.68288e-03
2.42278e+02  5.40005e-03  2.71938e-03
2.42973e+02  5.47799e-03  2.75934e-03
2.43671e+02  5.55445e-03  2.79655e-03
2.44370e+02  5.62182e-03  2.82984e-03
2.45071e+02  5.69555e-03  2.86694e-03
2.45774e+02  5.76926e-03  2.90542e-03
2.46478e+02  5.84098e-03  2.93901e-03
2.47185e+02  5.91956e-03  2.98175e-03
2.47893e+02  6.00059e-03  3.02203e-03
2.48604e+02  6.09102e-03  3.06926e-03
2.49316e+02  6.18597e-03  3.11549e-03
2.50030e+02  6.26279e-03  3.15176e-03
2.50746e+02  6.34182e-03  3.19378e-03
2.51464e+02  6.43663e-03  3.24232e-03
2.52184e+02  6.52392e-03  3.28386e-03
2.52906e+02  6.60478e-03  3.32496e-03
2.53630e+02  6.67992e-03  3.35960e-03
2.54355e+02  6.75770e-03  3.40188e-03
2.55083e+02  6.84953e-03  3.45006e-03
2.55812e+02  6.93815e-03  3.49068e-03
2.56544e+02  7.03449e-03  3.54555e-03
2.57277e+02  7.13173e-03  3.58822e-03
2.58013e+02  7.21474e-03  3.63087e-03
2.58750e+02  7.30659e-03  3.67805e-03
2.59489e+02  7.39978e-03  3.72716e-03
2.60231e+02  7.50743e-03  3.78007e-03
2.60974e+02  7.61284e-03  3.83350e-03
2.61719e+02  7.69793e-03  3.87081e-03
2.62466e+02  7.79121e-03  3.92457e-03
2.63216e+02  7.90115e-03  3.97770e-03
2.63967e+02  8.00424e-03  4.02986e-03
2.64720e+02  8.10974e-03  4.08100e-03
2.65475e+02  8.19087e-03  4.11998e-03
2.66232e+02  8.28894e-03  4.17107e-03
2.66992e+02  8.40086e-03  4.23202e-03
2.67753e+02  8.50223e-03  4.27724e-03
2.68516e+02  8.61145e-03  4.33494e-03
2.69281e+02  8.72262e-03  4.39263e-03
2.70049e+02  8.83704e-03  4.44748e-03
2.70818e+02  8.94254e-03  4.49870e-03
2.71590e+02  9.04721e-03  4.55349e-03
2.72363e+02  9.15317e-03  4.60478e-03
2.73139e+02  9.28310e-03  4.68022e-03
2.73916e+02  9.42163e-03  4.74211e-03
2.74696e+02  9.54279e-03  4.80264e-03
2.75478e+02  9.65967e-03  4.86254e-03
2.76262e+02  9.77252e-03  4.91519e-03
2.77048e+02  9.88504e-03  4.97489e-03
2.77836e+02  9.99520e-03  5.02725e-03
2.78626e+02  1.01098e-02  5.08626e-03
2.79418e+02  1.02027e-02  5.12899e-03
2.80213e+02  1.03047e-02  5.18237e-03
2.81009e+02  1.04350e-02  5.25603e-03
2.81808e+02  1.05640e-02  5.31289e-03
2.82608e+02  1.07018e-02  5.39225e-03
2.83411e+02  1.08419e-02  5.45412e-03
2.84216e+02  1.09804e-02  5.52634e-03
2.85023e+02  1.10971e-02  5.58074e-03
2.85833e+02  1.12138e-02  5.64141e-03
2.86644e+02  1.13561e-02  5.71595e-03
2.87458e+02  1.14673e-02  5.76284e-03
2.88273e+02  1.15988e-02  5.84050e-03
2.89091e+02  1.17570e-02  5.92086e-03
2.89912e+02  1.19069e-02  5.98652e-03
2.90734e+02  1.20402e-02  6.06278e-03
2.91558e+02  1.21880e-02  6.12773e-03
2.92385e+02  1.22949e-02  6.18021e-03
2.93214e+02  1.24023e-02  6.23209e-03
2.94045e+02  1.25297e-02  6.30868e-03
2.94878e+02  1.26764e-02  6.37351e-03
2.95714e+02  1.28378e-02  6.46675e-03
2.96552e+02  1.29868e-02  6.52674e-03
2.97392e+02  1.31116e-02  6.59405e-03
2.98234e+02  1.32496e-02  6.66583e-03
2.99078e+02  1.34181e-02  6.75619e-03
2.99925e+02  1.36173e-02  6.85789e-03
3.00774e+02  1.37564e-02  6.90905e-03
3.01625e+02  1.38495e-02  6.96017e-03
3.02479e+02  1.39859e-02  7.03383e-03
3.03335e+02  1.41715e-02  7.14002e-03
3.04193e+02  1.43833e-02  7.23895e-03
3.05053e+02  1.45159e-02  7.29243e-03
3.05916e+02  1.46168e-02  7.34225e-03
3.06781e+02  1.47674e-02  7.43440e-03
3.07648e+02  1.49585e-02  7.52464e-03
3.08518e+02  1.50947e-02  7.58304e-03
3.09389e+02  1.52081e-02  7.64337e-03
3.10264e+02  1.53816e-02  7.74402e-03
3.11140e+02  1.55738e-02  7.83545e-03
3.12019e+02  1.57295e-02  7.90393e-03
3.12900e+02  1.58590e-02  7.97144e-03
3.13784e+02  1.60163e-02  8.05511e-03
3.14670e+02  1.61894e-02  8.14441e-03
3.15558e+02  1.63615e-02  8.22568e-03
3.16449e+02  1.65139e-02  8.29992e-03
3.17342e+02  1.66601e-02  8.37602e-03
3.18237e+02  1.68376e-02  8.47054e-03
3.19135e+02  1.70297e-02  8.56763e-03
3.20035e+02  1.72023e-02  8.64079e-03
3.20938e+02  1.73244e-02  8.70842e-03
3.21843e+02  1.75108e-02  8.80796e-03
3.22750e+02  1.76693e-02  8.87561e-03
3.23660e+02  1.77930e-02  8.93972e-03
3.24572e+02  1.79496e-02  9.02677e-03
3.25487e+02  1.81574e-02  9.13659e-03
3.26404e+02  1.83655e-02  9.23309e-03
3.27323e+02  1.85197e-02  9.30298e-03
3.28245e+02  1.86359e-02  9.36282e-03
3.29170e+02  1.88309e-02  9.47674e-03
3.30097e+02  1.90197e-02  9.55425e-03
3.31026e+02  1.91611e-02  9.62781e-03
3.31958e+02  1.93313e-02  9.71966e-03
3.32892e+02  1.94995e-02  9.79705e-03
3.33829e+02  1.97422e-02  9.94669e-03
3.34768e+02  1.99559e-02  1.00172e-02
3.35710e+02  2.01002e-02  1.01068e-02
3.36654e+02  2.03325e-02  1.02290e-02
3.37601e+02  2.05048e-02  1.02994e-02
3.38551e+02  2.06413e-02  1.03655e-02
3.39502e+02  2.07776e-02  1.04399e-02
3.40457e+02  2.09683e-02  1.05451e-02
3.41414e+02  2.11906e-02  1.06521e-02
3.42373e+02  2.14281e-02  1.07865e-02
3.43335e+02  2.16675e-02  1.08886e-02
3.44300e+02  2.18079e-02  1.09485e-02
3.45267e+02  2.19991e-02  1.10639e-02
3.46237e+02  2.21660e-02  1.11309e-02
3.47209e+02  2.23734e-02  1.12539e-02
3.48184e+02  2.25358e-02  1.13081e-02
3.49162e+02  2.26921e-02  1.14133e-02
3.50142e+02  2.29059e-02  1.15053e-02
3.51125e+02  2.31050e-02  1.16226e-02
3.52110e+02  2.33572e-02  1.17366e-02
3.53098e+02  2.35217e-02  1.18153e-02
3.54089e+02  2.36754e-02  1.18872e-02
3.55082e+02  2.38027e-02  1.19526e-02
3.56078e+02  2.39198e-02  1.20008e-02
3.57077e+02  2.40338e-02  1.20778e-02
3.58078e+02  2.42678e-02  1.21965e-02
3.59082e+02  2.44885e-02  1.23101e-02
3.60088e+02  2.47142e-02  1.24178e-02
3.61098e+02  2.48539e-02  1.24804e-02
3.62110e+02  2.50608e-02  1.25947e-02
3.63124e+02  2.52423e-02  1.26794e-02
3.64142e+02  2.54590e-02  1.27937e-02
3.65162e+02  2.56852e-02  1.29140e-02
3.66184e+02  2.58906e-02  1.29971e-02
3.67210e+02  2.60139e-02  1.30633e-02
3.68238e+02  2.61878e-02  1.31524e-02
3.69269e+02  2.64086e-02  1.32778e-02
3.70303e+02  2.66330e-02  1.33708e-02
3.71339e+02  2.67040e-02  1.33955e-02
3.72379e+02  2.68516e-02  1.34872e-02
3.73421e+02  2.69980e-02  1.35512e-02
3.74465e+02  2.72248e-02  1.36950e-02
3.75513e+02  2.75055e-02  1.38156e-02
3.76563e+02  2.76341e-02  1.38690e-02
3.77616e+02  2.78135e-02  1.39673e-02
3.78672e+02  2.79203e-02  1.40144e-02
3.79731e+02  2.81942e-02  1.41792e-02
3.80793e+02  2.83957e-02  1.42548e-02
3.81857e+02  2.85238e-02  1.43136e-02
3.82924e+02  2.86541e-02  1.43854e-02
3.83995e+02  2.87596e-02  1.44308e-02
3.85067e+02  2.90321e-02  1.46103e-02
3.86143e+02  2.92518e-02  1.46649e-02
3.87222e+02  2.92828e-02  1.46963e-02
3.88304e+02  2.94915e-02  1.48083e-02
3.89388e+02  2.96629e-02  1.49061e-02
3.90475e+02  2.99080e-02  1.50233e-02
3.91565e+02  3.00617e-02  1.50816e-02
3.92659e+02  3.01671e-02  1.51416e-02
3.93755e+02  3.03072e-02  1.52049e-02
3.94854e+02  3.04194e-02  1.52744e-02
3.95955e+02  3.07131e-02  1.54477e-02
3.97060e+02  3.09350e-02  1.55214e-02
3.98168e+02  3.10190e-02  1.55565e-02
3.99279e+02  3.10364e-02  1.55607e-02
4.00392e+02  3.12298e-02  1.56994e-02
4.01509e+02  3.15061e-02  1.58238e-02
4.02629e+02  3.16904e-02  1.59197e-02
4.03751e+02  3.18276e-02  1.59594e-02
4.04877e+02  3.19867e-02  1.60750e-02
4.06005e+02  3.22412e-02  1.61973e-02
4.07137e+02  3.24470e-02  1.62859e-02
4.08272e+02  3.25648e-02  1.63243e-02
4.09409e+02  3.24951e-02  1.62794e-02
4.10550e+02  3.25742e-02  1.63531e-02
4.11694e+02  3.28187e-02  1.64869e-02
4.12840e+02  3.29859e-02  1.65492e-02
4.13990e+02  3.30794e-02  1.65923e-02
4.15143e+02  3.31337e-02  1.66268e-02
4.16299e+02  3.32784e-02  1.66985e-02
4.17458e+02  3.33902e-02  1.67546e-02
4.18620e+02  3.35972e-02  1.68739e-02
4.19785e+02  3.35914e-02  1.68095e-02
4.20953e+02  3.35780e-02  1.68581e-02
4.22125e+02  3.38217e-02  1.69830e-02
4.23299e+02  3.39755e-02  1.70656e-02
4.24477e+02  3.42529e-02  1.71930e-02
4.25658e+02  3.41856e-02  1.71166e-02
4.26842e+02  3.42837e-02  1.72194e-02
4.28029e+02  3.44625e-02  1.72929e-02
4.29219e+02  3.45751e-02  1.73423e-02
4.30413e+02  3.46548e-02  1.73735e-02
4.31609e+02  3.46258e-02  1.73705e-02
4.32809e+02  3.48639e-02  1.75140e-02
4.34012e+02  3.49206e-02  1.75053e-02
4.35218e+02  3.51049e-02  1.76294e-02
4.36428e+02  3.51842e-02  1.76341e-02
4.37640e+02  3.52810e-02  1.77126e-02
4.38856e+02  3.54146e-02  1.77580e-02
4.40075e+02  3.54786e-02  1.77952e-02
4.41297e+02  3.54470e-02  1.77499e-02
4.42523e+02  3.54574e-02  1.77968e-02
4.43752e+02  3.56385e-02  1.78868e-02
4.44984e+02  3.58018e-02  1.79710e-02
4.46220e+02  3.58781e-02  1.79865e-02
4.47458e+02  3.58930e-02  1.79898e-02
4.48700e+02  3.58953e-02  1.79982e-02
4.49946e+02  3.60595e-02  1.81092e-02
4.51194e+02  3.61856e-02  1.81398e-02
4.52446e+02  3.60730e-02  1.80556e-02
4.53701e+02  3.59438e-02  1.80048e-02
4.54960e+02  3.60910e-02  1.81586e-02
4.56222e+02  3.63972e-02  1.82408e-02
4.57487e+02  3.62776e-02  1.81634e-02
4.58756e+02  3.61960e-02  1.81311e-02
4.60028e+02  3.62290e-02  1.81834e-02
4.61304e+02  3.63890e-02  1.82593e-02
4.62583e+02  3.63738e-02  1.82193e-02
4.63865e+02  3.64455e-02  1.82892e-02
4.65151e+02  3.64822e-02  1.82932e-02
4.66440e+02  3.65433e-02  1.83312e-02
4.67733e+02  3.67434e-02  1.84470e-02
4.69029e+02  3.67863e-02  1.84270e-02
4.70328e+02  3.66733e-02  1.83594e-02
4.71631e+02  3.65714e-02  1.83250e-02
4.72937e+02  3.67352e-02  1.84651e-02
4.74247e+02  3.67724e-02  1.83868e-02
4.75561e+02  3.65434e-02  1.83107e-02
4.76878e+02  3.66307e-02  1.83886e-02
4.78198e+02  3.67903e-02  1.84475e-02
4.79522e+02  3.68642e-02  1.84908e-02
4.80849e+02  3.68304e-02  1.84502e-02
4.82180e+02  3.68055e-02  1.84346e-02
4.83515e+02  3.67072e-02  1.84045e-02
4.84853e+02  3.69239e-02  1.85461e-02
4.86194e+02  3.70401e-02  1.85582e-02
4.87540e+02  3.69592e-02  1.85501e-02
4.88888e+02  3.73445e-02  1.87545e-02
4.90241e+02  3.73354e-02  1.86845e-02
4.91597e+02  3.70188e-02  1.85124e-02
4.92956e+02  3.69752e-02  1.85338e-02
4.94320e+02  3.70607e-02  1.86083e-02
4.95686e+02  3.70046e-02  1.85024e-02
4.97057e+02  3.69276e-02  1.85334e-02
4.98431e+02  3.71340e-02  1.86347e-02
4.99809e+02  3.71040e-02  1.85715e-02
5.01190e+02  3.71512e-02  1.86404e-02
5.02576e+02  3.71860e-02  1.86518e-02
5.03964e+02  3.72985e-02  1.87059e-02
5.05357e+02  3.73766e-02  1.87500e-02
5.06753e+02  3.74746e-02  1.87877e-02
5.08153e+02  3.73986e-02  1.87176e-02
5.09557e+02  3.74519e-02  1.87990e-02
5.10964e+02  3.76219e-02  1.89060e-02
5.12376e+02  3.76813e-02  1.88359e-02
5.13790e+02  3.74227e-02  1.87575e-02
5.15209e+02  3.76841e-02  1.89210e-02
5.16632e+02  3.76202e-02  1.88167e-02
5.18058e+02  3.74257e-02  1.87454e-02
5.19488e+02  3.73418e-02  1.87236e-02
5.20922e+02  3.74293e-02  1.87511e-02
5.22360e+02  3.73586e-02  1.87194e-02
5.23801e+02  3.74550e-02  1.87989e-02
5.25247e+02  3.74421e-02  1.87319e-02
5.26696e+02  3.72845e-02  1.86879e-02
5.28149e+02  3.74325e-02  1.87844e-02
5.29606e+02  3.74086e-02  1.87359e-02
5.31067e+02  3.73293e-02  1.86883e-02
5.32532e+02  3.74796e-02  1.88266e-02
5.34000e+02  3.76807e-02  1.89006e-02
5.35473e+02  3.75921e-02  1.88131e-02
5.36949e+02  3.75193e-02  1.88058e-02
5.38430e+02  3.76378e-02  1.88876e-02
5.39914e+02  3.75878e-02  1.87936e-02
5.41402e+02  3.72496e-02  1.86317e-02
5.42895e+02  3.76385e-02  1.89637e-02
5.44391e+02  3.78385e-02  1.89563e-02
5.45891e+02  3.77106e-02  1.88723e-02
5.47395e+02  3.74703e-02  1.87437e-02
5.48904e+02  3.74839e-02  1.87954e-02
5.50416e+02  3.72934e-02  1.86488e-02
5.51932e+02  3.72164e-02  1.86611e-02
5.53452e+02  3.72159e-02  1.86452e-02
5.54977e+02  3.71987e-02  1.86669e-02
5.56505e+02  3.72269e-02  1.86137e-02
5.58038e+02  3.68565e-02  1.84221e-02
5.59574e+02  3.68491e-02  1.85258e-02
5.61115e+02  3.71230e-02  1.85925e-02
5.62660e+02  3.70426e-02  1.85600e-02
5.64209e+02  3.70529e-02  1.85895e-02
5.65762e+02  3.71657e-02  1.86042e-02
5.67319e+02  3.69046e-02  1.84582e-02
5.68880e+02  3.66993e-02  1.83620e-02
5.70446e+02  3.67656e-02  1.85128e-02
5.72015e+02  3.71501e-02  1.85884e-02
5.73589e+02  3.69693e-02  1.85189e-02
5.75167e+02  3.68104e-02  1.83958e-02
5.76750e+02  3.67267e-02  1.84413e-02
5.78336e+02  3.69624e-02  1.85452e-02
5.79927e+02  3.70095e-02  1.85265e-02
5.81522e+02  3.69441e-02  1.85403e-02
5.83121e+02  3.70692e-02  1.85668e-02
5.84724e+02  3.70479e-02  1.85944e-02
5.86332e+02  3.70679e-02  1.85150e-02
5.87944e+02  3.69869e-02  1.85690e-02
5.89560e+02  3.69078e-02  1.84595e-02
5.91181e+02  3.67890e-02  1.84236e-02
5.92806e+02  3.69003e-02  1.85461e-02
5.94435e+02  3.68989e-02  1.84517e-02
5.96068e+02  3.68952e-02  1.84819e-02
5.97706e+02  3.67274e-02  1.83959e-02
5.99348e+02  3.68989e-02  1.85155e-02
6.00995e+02  3.68228e-02  1.84267e-02
6.02646e+02  3.66052e-02  1.82954e-02
6.04302e+02  3.66472e-02  1.84386e-02
6.05961e+02  3.70452e-02  1.85663e-02
6.07626e+02  3.68017e-02  1.83763e-02
6.09294e+02  3.64560e-02  1.82633e-02
6.10968e+02  3.66391e-02  1.83785e-02
6.12645e+02  3.64669e-02  1.82238e-02
6.14327e+02  3.60456e-02  1.80035e-02
6.16014e+02  3.62395e-02  1.82484e-02
6.17705e+02  3.65172e-02  1.82845e-02
6.19400e+02  3.62714e-02  1.81209e-02
6.21100e+02  3.62240e-02  1.82049e-02
6.22805e+02  3.62906e-02  1.81521e-02
6.24514e+02  3.60573e-02  1.80327e-02
6.26228e+02  3.57925e-02  1.79031e-02
6.27946e+02  3.58930e-02  1.80345e-02
6.29669e+02  3.61457e-02  1.81131e-02
6.31396e+02  3.59181e-02  1.79541e-02
6.33128e+02  3.60957e-02  1.81546e-02
6.34865e+02  3.60801e-02  1.80246e-02
6.36606e+02  3.56647e-02  1.78088e-02
6.38352e+02  3.55683e-02  1.78522e-02
6.40103e+02  3.55851e-02  1.78312e-02
6.41858e+02  3.57745e-02  1.79452e-02
6.43618e+02  3.56160e-02  1.77852e-02
6.45382e+02  3.56922e-02  1.79311e-02
6.47152e+02  3.55082e-02  1.77277e-02
6.48926e+02  3.51095e-02  1.75477e-02
6.50704e+02  3.52639e-02  1.77309e-02
6.52488e+02  3.55464e-02  1.78289e-02
6.54276e+02  3.53331e-02  1.76314e-02
6.56069e+02  3.52244e-02  1.76942e-02
6.57867e+02  3.52109e-02  1.75935e-02
6.59669e+02  3.48214e-02  1.73855e-02
6.61477e+02  3.45808e-02  1.73247e-02
6.63289e+02  3.45296e-02  1.72919e-02
6.65106e+02  3.46187e-02  1.73444e-02
6.66928e+02  3.46810e-02  1.74472e-02
6.68754e+02  3.49855e-02  1.75042e-02
6.70586e+02  3.46367e-02  1.72827e-02
6.72422e+02  3.42984e-02  1.71910e-02
6.74264e+02  3.42318e-02  1.71005e-02
6.76110e+02  3.43168e-02  1.72266e-02
6.77961e+02  3.42543e-02  1.71811e-02
6.79817e+02  3.42286e-02  1.70886e-02
6.81678e+02  3.39292e-02  1.69664e-02
6.83544e+02  3.36344e-02  1.68462e-02
6.85415e+02  3.35947e-02  1.67911e-02
6.87291e+02  3.36389e-02  1.69050e-02
6.89172e+02  3.35851e-02  1.67852e-02
6.91058e+02  3.34256e-02  1.67226e-02
6.92949e+02  3.33669e-02  1.67348e-02
6.94845e+02  3.32864e-02  1.66418e-02
6.96746e+02  3.31782e-02  1.66003e-02
6.98652e+02  3.31772e-02  1.66857e-02
7.00563e+02  3.32921e-02  1.66180e-02
7.02479e+02  3.31049e-02  1.65662e-02
7.04401e+02  3.27914e-02  1.63973e-02
7.06327e+02  3.26421e-02  1.63225e-02
7.08259e+02  3.25675e-02  1.63057e-02
7.10195e+02  3.23578e-02  1.62187e-02
7.12137e+02  3.24497e-02  1.62302e-02
7.14085e+02  3.22458e-02  1.61285e-02
7.16037e+02  3.19417e-02  1.59620e-02
7.17994e+02  3.18219e-02  1.59460e-02
7.19957e+02  3.19687e-02  1.60476e-02
7.21925e+02  3.18630e-02  1.59252e-02
7.23898e+02  3.19113e-02  1.59945e-02
7.25877e+02  3.17790e-02  1.58940e-02
7.27860e+02  3.14626e-02  1.56980e-02
7.29849e+02  3.12283e-02  1.56617e-02
7.31844e+02  3.12293e-02  1.55971e-02
7.33843e+02  3.09621e-02  1.54829e-02
7.35848e+02  3.10716e-02  1.56148e-02
7.37858e+02  3.10665e-02  1.55138e-02
7.39874e+02  3.06880e-02  1.53304e-02
7.41895e+02  3.04066e-02  1.52204e-02
7.43921e+02  3.04143e-02  1.52170e-02
7.45953e+02  3.02615e-02  1.51568e-02
7.47990e+02  3.04796e-02  1.53074e-02
7.50033e+02  3.05697e-02  1.52916e-02
7.52081e+02  3.02397e-02  1.50934e-02
7.54135e+02  2.98992e-02  1.49414e-02
7.56194e+02  2.98409e-02  1.49623e-02
7.58258e+02  2.96605e-02  1.47931e-02
7.60328e+02  2.95862e-02  1.48918e-02
7.62404e+02  2.96471e-02  1.47898e-02
7.64485e+02  2.93080e-02  1.46283e-02
7.66571e+02  2.89958e-02  1.45108e-02
7.68663e+02  2.89385e-02  1.44834e-02
7.70761e+02  2.88147e-02  1.44262e-02
7.72864e+02  2.89479e-02  1.45342e-02
7.74973e+02  2.90165e-02  1.45096e-02
7.77088e+02  2.87140e-02  1.43385e-02
7.79208e+02  2.85778e-02  1.42926e-02
7.81334e+02  2.83407e-02  1.41787e-02
7.83465e+02  2.81354e-02  1.40515e-02
7.85602e+02  2.82519e-02  1.41843e-02
7.87745e+02  2.80898e-02  1.40282e-02
7.89894e+02  2.78042e-02  1.38895e-02
7.92048e+02  2.75716e-02  1.37875e-02
7.94208e+02  2.73700e-02  1.36711e-02
7.96374e+02  2.73507e-02  1.37690e-02
7.98545e+02  2.75058e-02  1.37248e-02
8.00722e+02  2.71820e-02  1.35850e-02
8.02905e+02  2.70999e-02  1.35642e-02
8.05094e+02  2.68890e-02  1.34208e-02
8.07289e+02  2.66655e-02  1.33501e-02
8.09490e+02  2.66897e-02  1.33845e-02
8.11696e+02  2.67212e-02  1.33547e-02
8.13909e+02  2.63484e-02  1.31464e-02
8.16127e+02  2.61354e-02  1.30613e-02
8.18351e+02  2.58174e-02  1.28808e-02
8.20581e+02  2.56478e-02  1.28542e-02
8.22817e+02  2.58035e-02  1.29368e-02
8.25059e+02  2.55832e-02  1.27619e-02
8.27307e+02  2.53631e-02  1.26988e-02
8.29561e+02  2.52074e-02  1.25922e-02
8.31821e+02  2.51679e-02  1.26133e-02
8.34087e+02  2.52180e-02  1.26538e-02
8.36359e+02  2.51630e-02  1.25532e-02
8.38637e+02  2.48463e-02  1.24210e-02
8.40921e+02  2.47134e-02  1.23394e-02
8.43211e+02  2.44358e-02  1.22059e-02
8.45507e+02  2.43021e-02  1.21673e-02
8.47810e+02  2.41585e-02  1.20851e-02
8.50118e+02  2.41479e-02  1.20767e-02
8.52433e+02  2.39757e-02  1.19955e-02
8.54754e+02  2.37644e-02  1.18600e-02
8.57081e+02  2.34919e-02  1.17374e-02
8.59414e+02  2.34473e-02  1.17481e-02
8.61753e+02  2.35579e-02  1.18140e-02
8.64099e+02  2.34336e-02  1.16974e-02
8.66451e+02  2.32298e-02  1.16032e-02
8.68809e+02  2.29313e-02  1.14466e-02
8.71174e+02  2.27362e-02  1.13607e-02
8.73545e+02  2.25673e-02  1.13087e-02
8.75922e+02  2.25639e-02  1.12712e-02
8.78305e+02  2.24112e-02  1.12069e-02
8.80695e+02  2.21336e-02  1.10410e-02
8.83091e+02  2.19030e-02  1.09506e-02
8.85493e+02  2.16978e-02  1.08272e-02
8.87902e+02  2.17324e-02  1.09206e-02
8.90318e+02  2.18806e-02  1.09499e-02
8.92740e+02  2.16565e-02  1.08023e-02
8.95168e+02  2.14144e-02  1.07071e-02
8.97602e+02  2.12462e-02  1.06043e-02
9.00044e+02  2.10926e-02  1.05789e-02
9.02491e+02  2.11645e-02  1.05851e-02
9.04946e+02  2.09367e-02  1.04438e-02
9.07406e+02  2.07288e-02  1.03624e-02
9.09874e+02  2.05870e-02  1.02805e-02
9.12347e+02  2.02661e-02  1.01117e-02
9.14828e+02  2.02427e-02  1.01453e-02
9.17315e+02  2.01049e-02  1.00292e-02
9.19809e+02  1.99659e-02  1.00024e-02
9.22309e+02  1.99530e-02  9.97582e-03
9.24816e+02  1.97043e-02  9.81373e-03
9.27330e+02  1.95899e-02  9.84709e-03
9.29850e+02  1.95692e-02  9.75045e-03
9.32377e+02  1.92217e-02  9.58544e-03
9.34911e+02  1.90736e-02  9.54946e-03
9.37452e+02  1.89506e-02  9.45299e-03
9.39999e+02  1.87058e-02  9.36057e-03
9.42553e+02  1.87892e-02  9.39537e-03
9.45114e+02  1.85170e-02  9.22863e-03
9.47682e+02  1.83182e-02  9.16569e-03
9.50256e+02  1.81996e-02  9.09774e-03
9.52838e+02  1.80855e-02  9.02435e-03
9.55426e+02  1.80749e-02  9.07836e-03
9.58021e+02  1.79176e-02  8.91911e-03
9.60624e+02  1.76673e-02  8.82902e-03
9.63233e+02  1.75599e-02  8.77389e-03
9.65849e+02  1.73494e-02  8.65619e-03
9.68472e+02  1.72564e-02  8.64847e-03
9.71102e+02  1.72335e-02  8.59471e-03
9.73739e+02  1.70108e-02  8.50754e-03
9.76383e+02  1.68607e-02  8.41607e-03
9.79034e+02  1.66446e-02  8.29748e-03
9.81692e+02  1.65468e-02  8.29915e-03
9.84357e+02  1.67066e-02  8.37581e-03
9.87029e+02  1.65458e-02  8.25247e-03
9.89709e+02  1.63617e-02  8.16491e-03
9.92395e+02  1.61456e-02  8.05472e-03
9.95089e+02  1.59737e-02  7.99146e-03
9.97790e+02  1.60076e-02  8.00826e-03
1.00050e+03  1.58454e-02  7.91247e-03
1.00321e+03  1.56408e-02  7.79942e-03
1.00594e+03  1.54264e-02  7.69441e-03
1.00867e+03  1.52106e-02  7.59024e-03
1.01140e+03  1.51878e-02  7.62418e-03
1.01415e+03  1.52985e-02  7.65679e-03
1.01690e+03  1.51615e-02  7.55950e-03
1.01966e+03  1.49258e-02  7.44794e-03
1.02242e+03  1.47498e-02  7.36261e-03
1.02520e+03  1.45812e-02  7.29081e-03
1.02798e+03  1.45763e-02  7.29135e-03
1.03077e+03  1.44511e-02  7.21548e-03
1.03356e+03  1.42536e-02  7.10544e-03
1.03637e+03  1.40813e-02  7.03124e-03
1.03918e+03  1.39084e-02  6.93320e-03
1.04200e+03  1.38198e-02  6.92600e-03
1.04482e+03  1.37766e-02  6.88045e-03
1.04765e+03  1.36743e-02  6.83956e-03
1.05050e+03  1.36083e-02  6.79259e-03
1.05334e+03  1.34296e-02  6.70372e-03
1.05620e+03  1.33126e-02  6.65836e-03
1.05906e+03  1.32593e-02  6.61915e-03
1.06194e+03  1.31276e-02  6.55404e-03
1.06481e+03  1.29638e-02  6.46942e-03
1.06770e+03  1.28160e-02  6.39255e-03
1.07060e+03  1.27126e-02  6.36174e-03
1.07350e+03  1.26216e-02  6.29855e-03
1.07641e+03  1.24657e-02  6.22341e-03
1.07932e+03  1.23278e-02  6.15111e-03
1.08225e+03  1.22549e-02  6.13381e-03
1.08518e+03  1.22231e-02  6.11257e-03
1.08812e+03  1.21531e-02  6.06493e-03
1.09107e+03  1.19996e-02  5.99166e-03
1.09403e+03  1.18935e-02  5.93976e-03
1.09699e+03  1.17451e-02  5.85854e-03
1.09997e+03  1.16120e-02  5.79924e-03
1.10295e+03  1.15478e-02  5.77681e-03
1.10593e+03  1.14387e-02  5.70446e-03
1.10893e+03  1.13088e-02  5.64752e-03
1.11193e+03  1.11726e-02  5.57070e-03
1.11495e+03  1.10540e-02  5.52795e-03
1.11797e+03  1.10669e-02  5.53957e-03
1.12100e+03  1.10145e-02  5.50239e-03
1.12403e+03  1.09163e-02  5.45064e-03
1.12708e+03  1.07742e-02  5.37370e-03
1.13013e+03  1.06355e-02  5.30868e-03
1.13319e+03  1.05707e-02  5.28849e-03
1.13626e+03  1.04949e-02  5.23529e-03
1.13934e+03  1.03388e-02  5.15926e-03
1.14242e+03  1.02152e-02  5.09200e-03
1.14551e+03  1.00906e-02  5.04135e-03
1.14862e+03  1.00222e-02  5.00771e-03
1.15173e+03  9.97469e-03  4.99497e-03
1.15484e+03  9.96896e-03  4.97839e-03
1.15797e+03  9.83507e-03  4.90334e-03
1.16110e+03  9.70328e-03  4.84400e-03
1.16425e+03  9.62193e-03  4.80414e-03
1.16740e+03  9.53592e-03  4.76612e-03
1.17056e+03  9.46461e-03  4.72693e-03
1.17373e+03  9.36235e-03  4.66879e-03
1.17690e+03  9.21736e-03  4.59616e-03
1.18009e+03  9.13318e-03  4.56475e-03
1.18328e+03  9.03670e-03  4.51314e-03
1.18649e+03  8.99537e-03  4.49584e-03
1.18970e+03  8.95537e-03  4.47922e-03
1.19292e+03  8.85870e-03  4.41388e-03
1.19614e+03  8.73843e-03  4.36421e-03
1.19938e+03  8.67817e-03  4.33840e-03
1.20262e+03  8.61794e-03  4.30217e-03
1.20588e+03  8.51832e-03  4.25091e-03
1.20914e+03  8.42085e-03  4.19951e-03
1.21241e+03  8.30045e-03  4.14211e-03
1.21569e+03  8.22704e-03  4.11099e-03
1.21898e+03  8.18326e-03  4.08971e-03
1.22228e+03  8.11312e-03  4.04891e-03
1.22558e+03  8.01302e-03  3.99919e-03
1.22890e+03  7.96438e-03  3.98255e-03
1.23222e+03  7.88837e-03  3.93418e-03
1.23556e+03  7.81442e-03  3.90782e-03
1.23890e+03  7.77490e-03  3.88174e-03
1.24225e+03  7.67307e-03  3.82645e-03
1.24561e+03  7.57752e-03  3.78235e-03
1.24897e+03  7.50455e-03  3.74576e-03
1.25235e+03  7.41886e-03  3.70439e-03
1.25574e+03  7.37560e-03  3.68874e-03
1.25913e+03  7.30882e-03  3.64112e-03
1.26254e+03  7.19370e-03  3.59069e-03
1.26595e+03  7.13043e-03  3.56449e-03
1.26937e+03  7.10780e-03  3.54978e-03
1.27281e+03  7.05389e-03  3.52794e-03
1.27625e+03  7.00800e-03  3.49750e-03
1.27970e+03  6.90199e-03  3.43903e-03
1.28315e+03  6.80735e-03  3.39833e-03
1.28662e+03  6.73890e-03  3.36422e-03
1.29010e+03  6.71091e-03  3.35644e-03
1.29359e+03  6.66024e-03  3.32554e-03
1.29708e+03  6.58340e-03  3.28335e-03
1.30059e+03  6.48549e-03  3.23401e-03
1.30410e+03  6.41381e-03  3.20248e-03
1.30763e+03  6.37196e-03  3.19213e-03
1.31116e+03  6.37406e-03  3.18194e-03
1.31470e+03  6.30716e-03  3.14789e-03
1.31826e+03  6.23294e-03  3.10986e-03
1.32182e+03  6.15772e-03  3.07267e-03
1.32539e+03  6.09056e-03  3.04129e-03
1.32897e+03  6.07339e-03  3.03797e-03
1.33256e+03  6.02290e-03  3.00583e-03
1.33616e+03  5.95171e-03  2.96967e-03
1.33977e+03  5.86867e-03  2.92717e-03
1.34339e+03  5.80518e-03  2.89765e-03
1.34702e+03  5.75714e-03  2.87866e-03
1.35066e+03  5.75022e-03  2.87636e-03
1.35430e+03  5.70591e-03  2.84662e-03
1.35796e+03  5.63342e-03  2.81036e-03
1.36163e+03  5.56659e-03  2.77829e-03
1.36531e+03  5.50888e-03  2.75096e-03
1.36899e+03  5.48565e-03  2.74308e-03
1.37269e+03  5.44031e-03  2.71450e-03
1.37640e+03  5.37642e-03  2.68470e-03
1.38011e+03  5.32555e-03  2.65792e-03
1.38384e+03  5.26202e-03  2.62579e-03
1.38758e+03  5.22806e-03  2.61452e-03
1.39132e+03  5.22245e-03  2.61254e-03
1.39508e+03  5.17602e-03  2.58129e-03
1.39885e+03  5.11444e-03  2.55300e-03
1.40262e+03  5.06278e-03  2.52696e-03
1.40641e+03  5.00553e-03  2.49962e-03
1.41021e+03  4.98571e-03  2.49236e-03
1.41401e+03  4.94478e-03  2.46723e-03
1.41783e+03  4.88233e-03  2.43652e-03
1.42166e+03  4.82825e-03  2.41090e-03
1.42549e+03  4.78950e-03  2.39085e-03
1.42934e+03  4.73423e-03  2.36268e-03
1.43320e+03  4.69974e-03  2.34927e-03
1.43707e+03  4.67537e-03  2.33572e-03
1.44095e+03  4.62166e-03  2.30593e-03
1.44483e+03  4.56843e-03  2.28108e-03
1.44873e+03  4.52605e-03  2.25965e-03
1.45264e+03  4.48378e-03  2.24062e-03
1.45656e+03  4.45433e-03  2.22297e-03
1.46049e+03  4.40279e-03  2.19817e-03
1.46443e+03  4.35747e-03  2.17489e-03
1.46839e+03  4.31599e-03  2.15472e-03
1.47235e+03  4.27161e-03  2.13257e-03
1.47632e+03  4.23913e-03  2.11815e-03
1.48030e+03  4.20129e-03  2.09830e-03
1.48430e+03  4.17635e-03  2.08524e-03
1.48830e+03  4.14290e-03  2.07028e-03
1.49231e+03  4.10795e-03  2.05052e-03
1.49634e+03  4.06776e-03  2.03116e-03
1.50038e+03  4.04246e-03  2.02093e-03
1.50442e+03  4.00654e-03  1.99866e-03
1.50848e+03  3.95443e-03  1.97360e-03
1.51255e+03  3.91973e-03  1.95730e-03
1.51663e+03  3.87994e-03  1.93697e-03
1.52072e+03  3.83893e-03  1.91666e-03
1.52482e+03  3.81367e-03  1.90504e-03
1.52893e+03  3.78243e-03  1.89038e-03
1.53306e+03  3.75913e-03  1.87744e-03
1.53719e+03  3.72881e-03  1.86181e-03
1.54133e+03  3.68751e-03  1.83975e-03
1.54549e+03  3.65318e-03  1.82618e-03
1.54966e+03  3.62754e-03  1.81095e-03
1.55384e+03  3.58803e-03  1.79080e-03
1.55803e+03  3.55267e-03  1.77337e-03
1.56223e+03  3.51483e-03  1.75484e-03
1.56644e+03  3.47915e-03  1.73702e-03
1.57066e+03  3.44210e-03  1.71831e-03
1.57489e+03  3.41571e-03  1.70603e-03
1.57914e+03  3.39677e-03  1.69834e-03
1.58340e+03  3.37399e-03  1.68494e-03
1.58767e+03  3.35519e-03  1.67560e-03
1.59194e+03  3.32845e-03  1.66251e-03
1.59624e+03  3.30981e-03  1.65403e-03
1.60054e+03  3.27968e-03  1.63675e-03
1.60485e+03  3.24555e-03  1.62048e-03
1.60918e+03  3.21152e-03  1.60336e-03
1.61351e+03  3.18012e-03  1.58772e-03
1.61786e+03  3.14715e-03  1.57054e-03
1.62222e+03  3.11672e-03  1.55696e-03
1.62659e+03  3.09252e-03  1.54440e-03
1.63098e+03  3.06615e-03  1.53225e-03
1.63537e+03  3.05905e-03  1.52812e-03
1.63978e+03  3.03161e-03  1.51418e-03
1.64420e+03  3.00811e-03  1.50276e-03
1.64863e+03  2.98406e-03  1.49025e-03
1.65307e+03  2.95750e-03  1.47653e-03
1.65752e+03  2.92839e-03  1.46228e-03
1.66199e+03  2.89719e-03  1.44617e-03
1.66647e+03  2.86841e-03  1.43181e-03
1.67095e+03  2.84707e-03  1.42304e-03
1.67546e+03  2.83116e-03  1.41405e-03
1.67997e+03  2.80504e-03  1.40034e-03
1.68449e+03  2.78605e-03  1.39349e-03
1.68903e+03  2.77585e-03  1.38597e-03
1.69358e+03  2.75323e-03  1.37550e-03
1.69814e+03  2.73102e-03  1.36355e-03
1.70272e+03  2.70825e-03  1.35335e-03
1.70730e+03  2.69470e-03  1.34652e-03
1.71190e+03  2.67507e-03  1.33583e-03
1.71651e+03  2.65371e-03  1.32478e-03
1.72113e+03  2.62330e-03  1.30985e-03
1.72577e+03  2.60041e-03  1.29828e-03
1.73042e+03  2.57308e-03  1.28495e-03
1.73508e+03  2.55233e-03  1.27485e-03
1.73975e+03  2.53802e-03  1.26913e-03
1.74443e+03  2.52557e-03  1.26124e-03
1.74913e+03  2.50424e-03  1.25091e-03
1.75384e+03  2.48555e-03  1.24119e-03
1.75856e+03  2.47410e-03  1.23742e-03
1.76330e+03  2.46515e-03  1.23126e-03
1.76804e+03  2.44052e-03  1.21821e-03
1.77280e+03  2.41621e-03  1.20642e-03
1.77758e+03  2.39110e-03  1.19401e-03
1.78236e+03  2.37380e-03  1.18552e-03
1.78716e+03  2.34987e-03  1.17309e-03
1.79197e+03  2.32925e-03  1.16375e-03
1.79680e+03  2.31058e-03  1.15395e-03
1.80163e+03  2.29880e-03  1.14856e-03
1.80648e+03  2.28073e-03  1.13932e-03
1.81134e+03  2.26360e-03  1.13105e-03
1.81622e+03  2.24456e-03  1.12068e-03
1.82111e+03  2.22686e-03  1.11233e-03
1.82601e+03  2.20863e-03  1.10300e-03
1.83092e+03  2.18807e-03  1.09289e-03
1.83585e+03  2.17013e-03  1.08388e-03
1.84079e+03  2.15010e-03  1.07345e-03
1.84575e+03  2.12921e-03  1.06319e-03
1.85071e+03  2.11061e-03  1.05418e-03
1.85569e+03  2.09353e-03  1.04596e-03
1.86069e+03  2.08118e-03  1.03966e-03
1.86569e+03  2.06449e-03  1.03109e-03
1.87071e+03  2.04515e-03  1.02115e-03
1.87575e+03  2.02687e-03  1.01224e-03
1.88079e+03  2.01664e-03  1.00868e-03
1.88585e+03  2.01108e-03  1.00445e-03
1.89093e+03  1.99411e-03  9.95954e-04
1.89602e+03  1.97869e-03  9.88228e-04
1.90112e+03  1.96234e-03  9.80155e-04
1.90623e+03  1.94646e-03  9.72083e-04
1.91136e+03  1.92733e-03  9.62344e-04
1.91650e+03  1.91129e-03  9.54707e-04
1.92166e+03  1.89788e-03  9.48369e-04
1.92683e+03  1.88280e-03  9.40207e-04
1.93201e+03  1.86634e-03  9.31966e-04
1.93721e+03  1.85227e-03  9.24891e-04
1.94242e+03  1.83436e-03  9.16381e-04
1.94764e+03  1.82297e-03  9.10681e-04
1.95288e+03  1.80830e-03  9.03572e-04
1.95813e+03  1.80067e-03  8.99824e-04
1.96340e+03  1.78544e-03  8.91545e-04
1.96868e+03  1.76943e-03  8.83779e-04
1.97397e+03  1.75584e-03  8.77047e-04
1.97928e+03  1.74171e-03  8.69856e-04
1.98460e+03  1.72468e-03  8.61421e-04
1.98994e+03  1.71422e-03  8.56420e-04
1.99529e+03  1.69891e-03  8.48344e-04
2.00066e+03  1.68190e-03  8.39790e-04
2.00604e+03  1.66683e-03  8.32659e-04
2.01143e+03  1.65560e-03  8.27144e-04
2.01684e+03  1.65021e-03  8.25254e-04
2.02226e+03  1.64583e-03  8.22388e-04
2.02770e+03  1.63363e-03  8.16034e-04
2.03315e+03  1.62105e-03  8.09506e-04
2.03862e+03  1.60787e-03  8.03451e-04
2.04410e+03  1.59708e-03  7.97725e-04
2.04959e+03  1.58206e-03  7.89846e-04
2.05510e+03  1.56921e-03  7.84395e-04
2.06063e+03  1.55803e-03  7.77876e-04
2.06617e+03  1.54186e-03  7.69812e-04
2.07172e+03  1.52802e-03  7.63291e-04
2.07729e+03  1.51562e-03  7.56913e-04
2.08288e+03  1.50425e-03  7.51706e-04
2.08847e+03  1.49592e-03  7.47832e-04
2.09409e+03  1.49165e-03  7.45345e-04
2.09972e+03  1.47953e-03  7.39021e-04
2.10536e+03  1.46816e-03  7.33389e-04
2.11102e+03  1.45555e-03  7.26751e-04
2.11669e+03  1.44133e-03  7.19879e-04
2.12238e+03  1.42839e-03  7.13424e-04
2.12808e+03  1.42077e-03  7.10235e-04
2.13380e+03  1.41010e-03  7.04014e-04
2.13954e+03  1.39638e-03  6.97472e-04
2.14529e+03  1.38427e-03  6.91435e-04
2.15105e+03  1.37390e-03  6.86250e-04
2.15683e+03  1.36558e-03  6.82791e-04
2.16263e+03  1.36524e-03  6.82577e-04
2.16844e+03  1.35859e-03  6.78746e-04
2.17427e+03  1.34779e-03  6.73170e-04
2.18011e+03  1.33803e-03  6.68431e-04
2.18597e+03  1.32808e-03  6.63450e-04
2.19184e+03  1.31634e-03  6.57300e-04
2.19773e+03  1.30589e-03  6.52421e-04
2.20363e+03  1.29750e-03  6.48399e-04
2.20955e+03  1.28833e-03  6.43595e-04
2.21549e+03  1.27818e-03  6.38467e-04
2.22144e+03  1.26808e-03  6.33270e-04
2.22741e+03  1.25651e-03  6.27666e-04
2.23339e+03  1.24810e-03  6.23725e-04
2.23939e+03  1.24488e-03  6.22253e-04
2.24541e+03  1.23504e-03  6.16922e-04
2.25144e+03  1.22546e-03  6.12220e-04
2.25749e+03  1.21489e-03  6.06646e-04
2.26355e+03  1.20357e-03  6.01130e-04
2.26963e+03  1.19407e-03  5.96541e-04
2.27573e+03  1.18490e-03  5.91917e-04
2.28184e+03  1.18452e-03  5.92200e-04
2.28797e+03  1.17777e-03  5.88480e-04
2.29412e+03  1.16989e-03  5.84413e-04
2.30028e+03  1.16036e-03  5.79604e-04
2.30645e+03  1.15222e-03  5.76068e-04
2.31265e+03  1.15134e-03  5.75198e-04
2.31886e+03  1.14340e-03  5.71393e-04
2.32509e+03  1.13612e-03  5.67609e-04
2.33133e+03  1.12831e-03  5.63587e-04
2.33759e+03  1.11852e-03  5.58720e-04
2.34387e+03  1.11016e-03  5.54661e-04
2.35016e+03  1.10209e-03  5.50506e-04
2.35647e+03  1.09380e-03  5.46371e-04
2.36280e+03  1.08752e-03  5.43833e-04
2.36915e+03  1.08274e-03  5.40952e-04
2.37551e+03  1.07521e-03  5.37175e-04
2.38189e+03  1.06694e-03  5.32868e-04
2.38828e+03  1.05788e-03  5.28509e-04
2.39469e+03  1.05258e-03  5.26030e-04
2.40112e+03  1.04516e-03  5.22248e-04
2.40757e+03  1.03768e-03  5.18252e-04
2.41403e+03  1.02779e-03  5.13321e-04
2.42051e+03  1.01829e-03  5.08619e-04
2.42701e+03  1.01027e-03  5.04718e-04
2.43353e+03  1.00284e-03  5.00959e-04
2.44006e+03  9.96589e-04  4.98128e-04
2.44661e+03  9.94042e-04  4.96943e-04
2.45318e+03  9.88036e-04  4.93648e-04
2.45976e+03  9.81380e-04  4.90284e-04
2.46637e+03  9.73454e-04  4.86355e-04
2.47299e+03  9.71250e-04  4.85499e-04
2.47962e+03  9.64821e-04  4.82053e-04
2.48628e+03  9.57626e-04  4.78378e-04
2.49295e+03  9.51276e-04  4.75340e-04
2.49964e+03  9.43612e-04  4.71270e-04
2.50635e+03  9.35351e-04  4.67257e-04
2.51308e+03  9.27297e-04  4.63242e-04
2.51983e+03  9.21507e-04  4.60513e-04
2.52659e+03  9.16255e-04  4.57821e-04
2.53337e+03  9.11873e-04  4.55861e-04
2.54017e+03  9.07163e-04  4.53302e-04
2.54698e+03  9.00861e-04  4.50040e-04
2.55382e+03  8.93780e-04  4.46499e-04
2.56067e+03  8.87140e-04  4.43211e-04
2.56754e+03  8.82502e-04  4.41084e-04
2.57443e+03  8.76070e-04  4.37549e-04
2.58134e+03  8.68295e-04  4.33733e-04
2.58827e+03  8.61202e-04  4.30277e-04
2.59521e+03  8.54209e-04  4.26750e-04
2.60218e+03  8.48873e-04  4.24134e-04
2.60916e+03  8.43144e-04  4.21328e-04
2.61616e+03  8.38397e-04  4.18962e-04
2.62318e+03  8.33668e-04  4.16775e-04
2.63022e+03  8.34792e-04  4.17175e-04
2.63727e+03  8.28670e-04  4.14035e-04
2.64435e+03  8.26148e-04  4.13104e-04
2.65144e+03  8.21592e-04  4.10484e-04
2.65856e+03  8.15687e-04  4.07488e-04
2.66569e+03  8.08353e-04  4.03781e-04
2.67284e+03  8.01784e-04  4.00545e-04
2.68001e+03  7.95642e-04  3.97577e-04
2.68720e+03  7.90830e-04  3.95091e-04
2.69441e+03  7.85358e-04  3.92509e-04
2.70164e+03  7.81740e-04  3.90691e-04
2.70889e+03  7.76308e-04  3.87789e-04
2.71615e+03  7.70474e-04  3.85000e-04
2.72344e+03  7.66419e-04  3.83105e-04
2.73074e+03  7.62104e-04  3.80775e-04
2.73807e+03  7.56525e-04  3.77979e-04
2.74541e+03  7.51720e-04  3.75626e-04
2.75277e+03  7.47210e-04  3.73436e-04
2.76016e+03  7.41784e-04  3.70538e-04
2.76756e+03  7.35936e-04  3.67718e-04
2.77498e+03  7.31361e-04  3.65449e-04
2.78243e+03  7.26652e-04  3.63099e-04
2.78989e+03  7.22140e-04  3.60837e-04
2.79737e+03  7.17624e-04  3.58621e-04
2.80487e+03  7.12922e-04  3.56203e-04
2.81240e+03  7.08322e-04  3.53911e-04
2.81994e+03  7.05089e-04  3.52690e-04
2.82750e+03  7.04539e-04  3.52017e-04
2.83508e+03  6.98810e-04  3.49152e-04
2.84268e+03  6.93611e-04  3.46496e-04
2.85031e+03  6.88605e-04  3.44106e-04
2.85795e+03  6.84275e-04  3.41958e-04
2.86561e+03  6.80277e-04  3.39924e-04
2.87330e+03  6.75581e-04  3.37510e-04
2.88100e+03  6.70780e-04  3.35164e-04
2.88873e+03  6.66585e-04  3.33144e-04
2.89647e+03  6.62336e-04  3.30947e-04
2.90424e+03  6.58009e-04  3.28786e-04
2.91203e+03  6.53976e-04  3.26806e-04
2.91983e+03  6.49438e-04  3.24514e-04
2.92766e+03  6.46102e-04  3.22892e-04
2.93551e+03  6.41037e-04  3.20207e-04
2.94338e+03  6.36219e-04  3.17960e-04
2.95127e+03  6.34031e-04  3.17025e-04
2.95918e+03  6.32013e-04  3.15851e-04
2.96712e+03  6.27973e-04  3.13792e-04
2.97507e+03  6.23772e-04  3.11657e-04
2.98305e+03  6.19151e-04  3.09365e-04
2.99104e+03  6.15106e-04  3.07342e-04
2.99906e+03  6.10956e-04  3.05289e-04
3.00710e+03  6.07151e-04  3.03394e-04
3.01516e+03  6.03740e-04  3.01799e-04
3.02324e+03  6.02052e-04  3.00874e-04
3.03135e+03  5.98102e-04  2.98888e-04
3.03947e+03  5.94153e-04  2.96882e-04
3.04762e+03  5.89996e-04  2.94814e-04
3.05579e+03  5.87151e-04  2.93495e-04
3.06398e+03  5.84542e-04  2.92144e-04
3.07219e+03  5.81310e-04  2.90506e-04
3.08043e+03  5.77746e-04  2.88669e-04
3.08868e+03  5.73782e-04  2.86695e-04
3.09696e+03  5.69550e-04  2.84588e-04
3.10526e+03  5.65981e-04  2.82842e-04
3.11358e+03  5.62542e-04  2.81083e-04
3.12193e+03  5.58760e-04  2.79214e-04
3.13029e+03  5.55417e-04  2.77569e-04
3.13868e+03  5.51631e-04  2.75633e-04
3.14709e+03  5.48538e-04  2.74120e-04
3.15553e+03  5.45355e-04  2.72573e-04
3.16398e+03  5.44106e-04  2.72084e-04
3.17246e+03  5.41840e-04  2.70780e-04
3.18096e+03  5.38641e-04  2.69158e-04
3.18949e+03  5.35180e-04  2.67432e-04
3.19804e+03  5.31561e-04  2.65620e-04
3.20661e+03  5.28305e-04  2.63963e-04
3.21520e+03  5.24340e-04  2.61981e-04
3.22381e+03  5.20795e-04  2.60276e-04
3.23245e+03  5.19530e-04  2.59733e-04
3.24111e+03  5.16463e-04  2.58064e-04
3.24980e+03  5.13176e-04  2.56454e-04
3.25850e+03  5.10779e-04  2.55320e-04
3.26723e+03  5.07846e-04  2.53772e-04
3.27599e+03  5.04821e-04  2.52294e-04
3.28476e+03  5.01968e-04  2.50876e-04
3.29357e+03  4.98903e-04  2.49313e-04
3.30239e+03  4.95724e-04  2.47691e-04
3.31124e+03  4.92585e-04  2.46189e-04
3.32011e+03  4.89903e-04  2.44812e-04
3.32900e+03  4.86246e-04  2.42953e-04
3.33792e+03  4.83042e-04  2.41373e-04
3.34686e+03  4.80300e-04  2.40050e-04
3.35583e+03  4.77927e-04  2.38883e-04
3.36482e+03  4.75246e-04  2.37474e-04
3.37383e+03  4.72293e-04  2.36039e-04
3.38287e+03  4.69670e-04  2.34716e-04
3.39193e+03  4.67885e-04  2.33955e-04
3.40102e+03  4.65757e-04  2.32741e-04
3.41013e+03  4.63132e-04  2.31456e-04
3.41926e+03  4.60516e-04  2.30144e-04
3.42842e+03  4.57765e-04  2.28758e-04
3.43760e+03  4.54850e-04  2.27253e-04
3.44681e+03  4.52560e-04  2.26295e-04
3.45604e+03  4.51334e-04  2.25575e-04
3.46530e+03  4.49064e-04  2.24416e-04
3.47458e+03  4.46773e-04  2.23301e-04
3.48389e+03  4.43986e-04  2.21862e-04
3.49322e+03  4.40964e-04  2.20363e-04
3.50258e+03  4.38358e-04  2.19108e-04
3.51196e+03  4.36036e-04  2.17900e-04
3.52136e+03  4.33422e-04  2.16604e-04
3.53079e+03  4.30676e-04  2.15230e-04
3.54025e+03  4.28288e-04  2.14027e-04
3.54973e+03  4.25368e-04  2.12576e-04
3.55924e+03  4.23333e-04  2.11582e-04
3.56877e+03  4.21091e-04  2.10466e-04
3.57833e+03  4.18571e-04  2.09172e-04
3.58791e+03  4.16518e-04  2.08176e-04
3.59752e+03  4.14126e-04  2.06978e-04
3.60715e+03  4.11870e-04  2.05846e-04
3.61681e+03  4.09638e-04  2.04738e-04
3.62649e+03  4.07616e-04  2.03753e-04
3.63621e+03  4.06145e-04  2.03033e-04
3.64594e+03  4.03911e-04  2.01821e-04
3.65570e+03  4.01166e-04  2.00450e-04
3.66549e+03  3.98315e-04  1.99069e-04
3.67531e+03  3.96199e-04  1.98025e-04
3.68515e+03  3.96020e-04  1.98040e-04
3.69502e+03  3.94240e-04  1.97027e-04
3.70491e+03  3.91444e-04  1.95611e-04
3.71483e+03  3.88897e-04  1.94344e-04
3.72478e+03  3.86064e-04  1.92907e-04
3.73475e+03  3.83802e-04  1.91850e-04
3.74475e+03  3.81899e-04  1.90875e-04
3.75477e+03  3.79268e-04  1.89533e-04
3.76483e+03  3.76804e-04  1.88342e-04
3.77491e+03  3.74787e-04  1.87264e-04
3.78501e+03  3.72054e-04  1.85920e-04
3.79514e+03  3.69618e-04  1.84718e-04
3.80530e+03  3.67495e-04  1.83691e-04
3.81549e+03  3.66019e-04  1.82933e-04
3.82571e+03  3.64240e-04  1.82078e-04
3.83595e+03  3.62485e-04  1.81154e-04
3.84622e+03  3.60382e-04  1.80084e-04
3.85651e+03  3.58216e-04  1.79057e-04
3.86684e+03  3.56298e-04  1.78082e-04
3.87719e+03  3.54282e-04  1.77078e-04
3.88757e+03  3.52514e-04  1.76184e-04
3.89797e+03  3.50235e-04  1.75027e-04
3.90841e+03  3.49232e-04  1.74612e-04
3.91887e+03  3.47297e-04  1.73534e-04
3.92936e+03  3.45031e-04  1.72446e-04
3.93988e+03  3.44193e-04  1.72111e-04
3.95042e+03  3.43327e-04  1.71618e-04
3.96100e+03  3.41423e-04  1.70629e-04
3.97160e+03  3.39214e-04  1.69522e-04
3.98223e+03  3.37027e-04  1.68438e-04
3.99289e+03  3.35039e-04  1.67464e-04
4.00357e+03  3.33871e-04  1.66873e-04
4.01429e+03  3.32129e-04  1.66014e-04
4.02503e+03  3.30656e-04  1.65293e-04
4.03581e+03  3.28510e-04  1.64153e-04
4.04661e+03  3.26559e-04  1.63216e-04
4.05744e+03  3.24847e-04  1.62362e-04
4.06830e+03  3.22824e-04  1.61317e-04
4.07918e+03  3.20848e-04  1.60343e-04
4.09010e+03  3.19168e-04  1.59550e-04
4.10105e+03  3.17633e-04  1.58762e-04
4.11202e+03  3.16131e-04  1.58009e-04
4.12303e+03  3.14589e-04  1.57225e-04
4.13406e+03  3.12946e-04  1.56429e-04
4.14512e+03  3.11368e-04  1.55620e-04
4.15621e+03  3.09663e-04  1.54774e-04
4.16734e+03  3.08237e-04  1.54089e-04
4.17849e+03  3.07020e-04  1.53450e-04
4.18967e+03  3.05897e-04  1.52934e-04
4.20088e+03  3.04556e-04  1.52238e-04
4.21212e+03  3.02964e-04  1.51421e-04
4.22339e+03  3.01084e-04  1.50474e-04
4.23469e+03  2.99231e-04  1.49550e-04
4.24602e+03  2.97509e-04  1.48703e-04
4.25739e+03  2.96028e-04  1.47957e-04
4.26878e+03  2.94306e-04  1.47099e-04
4.28020e+03  2.92611e-04  1.46249e-04
4.29165e+03  2.90911e-04  1.45400e-04
4.30313e+03  2.89415e-04  1.44648e-04
4.31465e+03  2.87544e-04  1.43722e-04
4.32619e+03  2.86039e-04  1.42961e-04
4.33777e+03  2.84457e-04  1.42180e-04
4.34937e+03  2.82807e-04  1.41349e-04
4.36101e+03  2.81272e-04  1.40583e-04
4.37268e+03  2.79626e-04  1.39750e-04
4.38438e+03  2.78071e-04  1.38984e-04
4.39611e+03  2.76485e-04  1.38186e-04
4.40787e+03  2.75013e-04  1.37467e-04
4.41966e+03  2.73575e-04  1.36738e-04
4.43148e+03  2.72197e-04  1.36064e-04
4.44334e+03  2.70928e-04  1.35420e-04
4.45523e+03  2.69657e-04  1.34787e-04
4.46714e+03  2.68274e-04  1.34089e-04
4.47909e+03  2.66812e-04  1.33358e-04
4.49108e+03  2.66200e-04  1.33137e-04
4.50309e+03  2.65337e-04  1.32621e-04
4.51514e+03  2.63702e-04  1.31800e-04
4.52721e+03  2.62074e-04  1.30989e-04
4.53933e+03  2.60825e-04  1.30391e-04
4.55147e+03  2.59477e-04  1.29682e-04
4.56364e+03  2.57997e-04  1.28964e-04
4.57585e+03  2.56666e-04  1.28295e-04
4.58809e+03  2.55189e-04  1.27552e-04
4.60036e+03  2.53777e-04  1.26833e-04
4.61267e+03  2.51999e-04  1.25941e-04
4.62501e+03  2.50043e-04  1.24967e-04
4.63738e+03  2.48358e-04  1.24130e-04
4.64978e+03  2.46909e-04  1.23425e-04
4.66222e+03  2.45731e-04  1.22829e-04
4.67469e+03  2.44377e-04  1.22142e-04
4.68719e+03  2.43030e-04  1.21475e-04
4.69973e+03  2.41906e-04  1.20915e-04
4.71230e+03  2.40524e-04  1.20222e-04
4.72490e+03  2.39413e-04  1.19677e-04
4.73754e+03  2.38347e-04  1.19138e-04
4.75021e+03  2.37167e-04  1.18546e-04
4.76291e+03  2.35979e-04  1.17955e-04
4.77565e+03  2.34785e-04  1.17355e-04
4.78842e+03  2.33526e-04  1.16741e-04
4.80123e+03  2.32680e-04  1.16298e-04
4.81407e+03  2.31676e-04  1.15835e-04
4.82694e+03  2.30931e-04  1.15446e-04
4.83985e+03  2.29774e-04  1.14848e-04
4.85280e+03  2.28558e-04  1.14247e-04
4.86577e+03  2.27161e-04  1.13533e-04
4.87879e+03  2.25529e-04  1.12718e-04
4.89183e+03  2.24122e-04  1.12024e-04
4.90491e+03  2.22935e-04  1.11431e-04
4.91803e+03  2.21599e-04  1.10761e-04
4.93118e+03  2.20362e-04  1.10137e-04
4.94437e+03  2.19107e-04  1.09516e-04
4.95759e+03  2.17910e-04  1.08919e-04
4.97085e+03  2.16771e-04  1.08348e-04
4.98414e+03  2.15671e-04  1.07798e-04
4.99747e+03  2.14636e-04  1.07299e-04
5.01083e+03  2.13692e-04  1.06817e-04
5.02423e+03  2.12789e-04  1.06374e-04
5.03766e+03  2.11963e-04  1.05946e-04
5.05113e+03  2.10911e-04  1.05420e-04
5.06464e+03  2.09932e-04  1.04945e-04
5.07818e+03  2.08950e-04  1.04450e-04
5.09176e+03  2.07881e-04  1.03899e-04
5.10537e+03  2.06781e-04  1.03357e-04
5.11903e+03  2.06044e-04  1.03017e-04
5.13271e+03  2.05187e-04  1.02572e-04
5.14644e+03  2.04552e-04  1.02261e-04
5.16020e+03  2.03503e-04  1.01732e-04
5.17399e+03  2.02636e-04  1.01294e-04
5.18783e+03  2.01827e-04  1.00888e-04
5.20170e+03  2.00621e-04  1.00280e-04
5.21560e+03  1.99655e-04  9.98041e-05
5.22955e+03  1.98608e-04  9.92732e-05
5.24353e+03  1.97498e-04  9.87185e-05
5.25755e+03  1.96561e-04  9.82536e-05
5.27160e+03  1.95542e-04  9.77351e-05
5.28570e+03  1.94518e-04  9.72326e-05
5.29983e+03  1.93684e-04  9.68105e-05
5.31400e+03  1.92759e-04  9.63524e-05
5.32820e+03  1.91712e-04  9.58277e-05
5.34245e+03  1.90776e-04  9.53623e-05
5.35673e+03  1.89736e-04  9.48329e-05
5.37105e+03  1.88743e-04  9.43543e-05
5.38541e+03  1.88059e-04  9.40174e-05
5.39980e+03  1.87179e-04  9.35610e-05
5.41424e+03  1.86199e-04  9.30739e-05
5.42871e+03  1.85199e-04  9.25760e-05
5.44322e+03  1.84203e-04  9.20713e-05
5.45777e+03  1.82723e-04  9.13292e-05
5.47236e+03  1.81962e-04  9.09589e-05
5.48699e+03  1.80836e-04  9.03848e-05
5.50166e+03  1.79694e-04  8.98219e-05
5.51637e+03  1.78858e-04  8.94275e-05
5.53111e+03  1.78494e-04  8.92260e-05
5.54590e+03  1.77725e-04  8.88465e-05
5.56072e+03  1.77173e-04  8.85812e-05
5.57558e+03  1.76490e-04  8.82232e-05
5.59049e+03  1.75618e-04  8.77834e-05
5.60543e+03  1.74725e-04  8.73386e-05
5.62041e+03  1.73789e-04  8.68666e-05
5.63543e+03  1.72898e-04  8.64306e-05
5.65050e+03  1.72383e-04  8.61683e-05
5.66560e+03  1.71546e-04  8.57463e-05
5.68074e+03  1.70458e-04  8.51971e-05
5.69593e+03  1.69534e-04  8.47424e-05
5.71115e+03  1.68522e-04  8.42377e-05
5.72641e+03  1.67461e-04  8.37059e-05
5.74172e+03  1.66702e-04  8.33318e-05
5.75706e+03  1.65963e-04  8.29597e-05
5.77245e+03  1.64794e-04  8.23750e-05
5.78788e+03  1.63965e-04  8.19640e-05
5.80335e+03  1.63087e-04  8.15182e-05
5.81886e+03  1.62525e-04  8.12676e-05
5.83441e+03  1.62153e-04  8.10573e-05
5.85000e+03  1.61274e-04  8.06195e-05
5.86564e+03  1.60737e-04  8.03483e-05
5.88131e+03  1.59861e-04  7.99132e-05
5.89703e+03  1.59057e-04  7.95115e-05
5.91279e+03  1.58526e-04  7.92614e-05
5.92859e+03  1.57857e-04  7.89105e-05
5.94443e+03  1.57052e-04  7.85069e-05
5.96032e+03  1.56305e-04  7.81410e-05
5.97625e+03  1.55651e-04  7.78034e-05
5.99222e+03  1.54959e-04  7.74652e-05
6.00823e+03  1.54209e-04  7.70815e-05
6.02429e+03  1.53214e-04  7.65850e-05
6.04039e+03  1.52413e-04  7.61852e-05
6.05653e+03  1.51600e-04  7.57773e-05
6.07271e+03  1.50661e-04  7.53076e-05
6.08894e+03  1.50004e-04  7.49845e-05
6.10521e+03  1.49316e-04  7.46370e-05
6.12152e+03  1.48476e-04  7.42226e-05
6.13788e+03  1.47606e-04  7.37813e-05
6.15428e+03  1.46739e-04  7.33515e-05
6.17073e+03  1.45975e-04  7.29733e-05
6.18722e+03  1.45316e-04  7.26415e-05
6.20375e+03  1.44568e-04  7.22666e-05
6.22033e+03  1.43918e-04  7.19470e-05
6.23695e+03  1.43229e-04  7.15987e-05
6.25361e+03  1.42581e-04  7.12802e-05
6.27032e+03  1.42053e-04  7.10134e-05
6.28707e+03  1.41418e-04  7.06915e-05
6.30387e+03  1.41289e-04  7.06743e-05
6.32072e+03  1.42298e-04  7.11343e-05
6.33760e+03  1.41619e-04  7.07925e-05
6.35454e+03  1.40979e-04  7.04738e-05
6.37152e+03  1.40289e-04  7.01302e-05
6.38854e+03  1.39564e-04  6.97689e-05
6.40561e+03  1.38788e-04  6.93760e-05
6.42272e+03  1.37624e-04  6.87825e-05
6.43988e+03  1.36865e-04  6.84171e-05
6.45709e+03  1.36104e-04  6.80350e-05
6.47434e+03  1.35229e-04  6.75918e-05
6.49164e+03  1.34278e-04  6.71195e-05
6.50898e+03  1.33541e-04  6.67529e-05
6.52637e+03  1.32822e-04  6.63946e-05
6.54381e+03  1.32381e-04  6.61776e-05
6.56129e+03  1.31842e-04  6.59230e-05
6.57882e+03  1.31615e-04  6.57951e-05
6.59639e+03  1.30975e-04  6.54772e-05
6.61402e+03  1.30276e-04  6.51277e-05
6.63169e+03  1.29653e-04  6.48161e-05
6.64940e+03  1.29115e-04  6.45498e-05
6.66717e+03  1.28577e-04  6.42779e-05
6.68498e+03  1.28023e-04  6.39989e-05
6.70284e+03  1.27477e-04  6.37266e-05
6.72074e+03  1.26857e-04  6.34137e-05
6.73870e+03  1.25981e-04  6.29689e-05
6.75670e+03  1.25350e-04  6.26631e-05
6.77475e+03  1.24713e-04  6.23505e-05
6.79285e+03  1.24298e-04  6.21383e-05
6.81099e+03  1.23766e-04  6.18707e-05
6.82919e+03  1.23178e-04  6.15811e-05
6.84743e+03  1.22662e-04  6.13203e-05
6.86572e+03  1.22950e-04  6.14863e-05
6.88406e+03  1.22859e-04  6.14135e-05
6.90245e+03  1.22141e-04  6.10563e-05
6.92089e+03  1.21467e-04  6.07192e-05
6.93937e+03  1.20747e-04  6.03575e-05
6.95791e+03  1.20057e-04  6.00091e-05
6.97650e+03  1.19478e-04  5.97271e-05
6.99513e+03  1.18922e-04  5.94492e-05
7.01382e+03  1.18642e-04  5.93172e-05
7.03255e+03  1.18047e-04  5.90020e-05
7.05133e+03  1.17239e-04  5.86160e-05
7.07017e+03  1.16898e-04  5.84429e-05
7.08905e+03  1.16300e-04  5.81391e-05
7.10799e+03  1.15705e-04  5.78387e-05
7.12697e+03  1.15064e-04  5.75198e-05
7.14601e+03  1.14361e-04  5.71648e-05
7.16510e+03  1.13663e-04  5.68193e-05
7.18423e+03  1.13029e-04  5.65007e-05
7.20342e+03  1.12516e-04  5.62535e-05
7.22266e+03  1.11965e-04  5.59678e-05
7.24195e+03  1.11251e-04  5.56184e-05
7.26130e+03  1.10806e-04  5.53924e-05
7.28069e+03  1.10227e-04  5.51049e-05
7.30014e+03  1.09676e-04  5.48291e-05
7.31963e+03  1.09222e-04  5.46001e-05
7.33918e+03  1.08619e-04  5.42982e-05
7.35878e+03  1.08075e-04  5.40246e-05
7.37844e+03  1.07473e-04  5.37275e-05
7.39814e+03  1.06974e-04  5.34871e-05
7.41790e+03  1.06798e-04  5.33869e-05
7.43771e+03  1.06124e-04  5.30524e-05
7.45758e+03  1.05574e-04  5.27757e-05
7.47749e+03  1.05038e-04  5.25079e-05
7.49746e+03  1.04684e-04  5.23436e-05
7.51749e+03  1.04471e-04  5.22281e-05
7.53756e+03  1.04102e-04  5.20452e-05
7.55769e+03  1.03686e-04  5.18372e-05
7.57788e+03  1.03243e-04  5.16123e-05
7.59811e+03  1.02763e-04  5.13729e-05
7.61840e+03  1.02321e-04  5.11703e-05
7.63875e+03  1.02973e-04  5.14772e-05
7.65915e+03  1.02423e-04  5.12002e-05
7.67960e+03  1.01784e-04  5.08821e-05
7.70011e+03  1.01276e-04  5.06278e-05
7.72067e+03  1.00842e-04  5.04123e-05
7.74129e+03  1.00425e-04  5.02070e-05
7.76196e+03  9.99372e-05  4.99577e-05
7.78269e+03  9.94816e-05  4.97321e-05
7.80347e+03  9.90779e-05  4.95341e-05
7.82431e+03  9.85872e-05  4.92853e-05
7.84521e+03  9.81174e-05  4.90504e-05
7.86616e+03  9.76350e-05  4.88085e-05
7.88716e+03  9.70516e-05  4.85153e-05
7.90822e+03  9.65741e-05  4.82781e-05
7.92934e+03  9.59877e-05  4.79827e-05
7.95051e+03  9.53096e-05  4.76425e-05
7.97174e+03  9.47383e-05  4.73574e-05
7.99303e+03  9.41289e-05  4.70555e-05
8.01437e+03  9.36760e-05  4.68360e-05
8.03577e+03  9.35535e-05  4.67736e-05
8.05723e+03  9.32742e-05  4.66337e-05
8.07874e+03  9.30569e-05  4.65261e-05
8.10032e+03  9.26214e-05  4.62985e-05
8.12194e+03  9.19567e-05  4.59668e-05
8.14363e+03  9.12933e-05  4.56376e-05
8.16538e+03  9.07841e-05  4.53846e-05
8.18718e+03  9.04713e-05  4.52329e-05
8.20904e+03  8.99843e-05  4.49825e-05
8.23096e+03  8.94850e-05  4.47349e-05
8.25293e+03  8.89691e-05  4.44748e-05
8.27497e+03  8.82052e-05  4.40877e-05
8.29706e+03  8.78211e-05  4.39062e-05
8.31922e+03  8.76247e-05  4.38157e-05
8.34143e+03  8.74745e-05  4.37348e-05
8.36370e+03  8.71666e-05  4.35776e-05
8.38603e+03  8.68101e-05  4.33982e-05
8.40842e+03  8.64337e-05  4.32116e-05
8.43087e+03  8.61183e-05  4.30525e-05
8.45338e+03  8.59713e-05  4.29942e-05
8.47595e+03  8.63678e-05  4.31805e-05
8.49858e+03  8.60552e-05  4.30218e-05
8.52127e+03  8.56672e-05  4.28260e-05
8.54402e+03  8.53419e-05  4.26662e-05
8.56683e+03  8.49165e-05  4.24538e-05
8.58970e+03  8.44106e-05  4.21976e-05
8.61264e+03  8.39538e-05  4.19694e-05
8.63563e+03  8.34988e-05  4.17435e-05
8.65868e+03  8.31653e-05  4.15767e-05
8.68180e+03  8.29159e-05  4.14553e-05
8.70498e+03  8.25293e-05  4.12618e-05
8.72822e+03  8.22123e-05  4.10982e-05
8.75152e+03  8.17335e-05  4.08584e-05
8.77488e+03  8.13236e-05  4.06556e-05
8.79831e+03  8.08962e-05  4.04411e-05
8.82180e+03  8.05579e-05  4.02765e-05
8.84535e+03  8.03072e-05  4.01495e-05
8.86896e+03  7.99009e-05  3.99383e-05
8.89264e+03  7.92309e-05  3.96085e-05
8.91638e+03  7.87660e-05  3.93745e-05
8.94018e+03  7.82285e-05  3.91051e-05
8.96405e+03  7.77285e-05  3.88572e-05
8.98798e+03  7.73561e-05  3.86740e-05
9.01197e+03  7.69836e-05  3.84852e-05
9.03603e+03  7.66095e-05  3.82992e-05
9.06015e+03  7.61880e-05  3.80863e-05
9.08434e+03  7.57556e-05  3.78726e-05
9.10859e+03  7.54407e-05  3.77173e-05
9.13290e+03  7.51778e-05  3.75859e-05
9.15728e+03  7.48647e-05  3.74290e-05
9.18173e+03  7.45508e-05  3.72689e-05
9.20624e+03  7.41786e-05  3.70836e-05
9.23081e+03  7.39157e-05  3.69549e-05
9.25545e+03  7.36077e-05  3.67986e-05
9.28016e+03  7.33386e-05  3.66682e-05
9.30493e+03  7.31030e-05  3.65464e-05
9.32977e+03  7.33817e-05  3.67035e-05
9.35467e+03  7.34747e-05  3.67346e-05
9.37964e+03  7.31590e-05  3.65764e-05
9.40468e+03  7.28293e-05  3.64117e-05
9.42979e+03  7.25475e-05  3.62698e-05
9.45496e+03  7.22074e-05  3.60997e-05
9.48019e+03  7.19944e-05  3.59940e-05
9.50550e+03  7.17159e-05  3.58518e-05
9.53087e+03  7.13222e-05  3.56547e-05
9.55631e+03  7.09927e-05  3.54943e-05
9.58182e+03  7.07669e-05  3.53780e-05
9.60739e+03  7.04951e-05  3.52440e-05
9.63304e+03  7.02596e-05  3.51253e-05
9.65875e+03  7.00155e-05  3.50045e-05
9.68453e+03  6.98196e-05  3.49068e-05
9.71038e+03  6.94860e-05  3.47384e-05
9.73630e+03  6.91105e-05  3.45512e-05
9.76229e+03  6.88801e-05  3.44366e-05
9.78834e+03  6.85493e-05  3.42698e-05
9.81447e+03  6.82497e-05  3.41209e-05
9.84066e+03  6.79516e-05  3.39745e-05
9.86693e+03  6.76739e-05  3.38315e-05
9.89326e+03  6.73492e-05  3.36705e-05
9.91967e+03  6.69823e-05  3.34725e-05
9.94615e+03  6.54445e-05  3.27186e-05
9.97269e+03  6.51590e-05  3.25755e-05
9.99931e+03  6.48630e-05  3.24286e-05
