09 27 58.282 -02 25 58.95  2.1 0.14 0.14 0.023  14.32   #                   In spiral arm + IR source
10 47 26.693 +06 02 47.72  2.9 0.14 0.13 0.019   5.87   #2.4 0.4 -1.1       off galaxy center; passive galaxy
23 53 51.412 +07 58 35.91  4.2 0.13 0.16 0.018  42.68   #                   Near spiral arm; near red+IR source
14 10 43.667 +08 59 29.96  3.2 0.15 0.21 0.023  17.66   # *TBD* 4.0 0.4  1.8       On edge of spiral disk, possible red faint source
10 25 26.189 +17 15 47.97  2.8 0.13 0.11 0.018   7.08   # *TBD*                  In spiral arm
10 58 23.641 +24 13 55.32  2.3 0.15 0.12 0.021  29.79   # *TBD*                  In spiral arm
13 14 41.932 +29 59 59.19  2.2 0.14 0.14 0.023  20.58   # 4.0 0.5  3.4       Halo/Edge of spiral galaxy; IR source
16 22 44.571 +32 12 59.28  2.0 0.15 0.11 0.022   0.89   # 2.7 0.4  1.7       In small blue galaxy; near center
14 00 38.929 -02 51 22.79  1.5 0.15 0.11 0.025  26.41   # *TBD*             18.8 In elliptical galaxy halo; no optical or IR source
11 45 29.346 +19 23 27.46  3.5 0.20 0.26 0.025  33.35   # *TBD* 2.4 0.4 -2.3       Edge of galaxy; No optical or IR source
14 19 18.855 +39 40 36.03 21.1 0.15 0.95 0.020   0.50   # *WOW* 18.5 1.0 -2.2       Compact blue star forming galaxy
00 17 27.498 -09 34 26.56   2.5 0.15 0.15 0.023   0.51   #                   Center of galaxy
00 17 59.547 -09 16 00.89   1.6 0.15 0.10 0.023  19.06   #2.9 0.5  2.5       Halo of galaxy, likely IR source
02 52 42.189 -08 48 15.76   3.1 0.15 0.12 0.018   0.18   #4.4 0.5  2.4       Center of galaxy
11 24 03.341 -07 47 01.13   2.1 0.14 0.16 0.025   0.50   #3.7 0.6  2.5       Center of galaxy
01 44 43.099 -04 07 46.25   5.2 0.13 0.21 0.018  34.81  #10.9 0.6  9.0       Halo of galaxy, near blue source and IR source
00 06 28.516 -03 42 58.83   2.4 0.23 0.12 0.021   0.99  # 2.3 0.4 -0.2       Center of galaxy
02 52 51.841 -01 16 29.31   3.1 0.15 0.20 0.023   0.18  # 5.4 0.6  3.7 152.4 Center of galaxy
03 36 23.014 -00 52 57.85   1.6 0.14 0.11 0.024   0.38  #                    Center of galaxy
12 02 29.570 -00 12 44.64   2.5 0.16 0.12 0.020   0.76  #                    Center of galaxy
02 36 23.588 +00 42 31.55   1.9 0.13 0.11 0.022   3.20  #                    Center of galaxy (also in IR)
09 20 02.170 +01 02 17.82  11.4 0.15 0.40 0.017   0.03  #10.7 0.5 -1.1  46.0 Center of galaxy
10 27 25.021 +01 14 30.82   3.0 0.14 0.17 0.022   0.47  # 3.1 0.4  0.3       Center of galaxy
02 17 04.793 +01 14 39.44  11.1 0.16 0.61 0.022   0.54  #11.9 0.6  1.2       Center of galaxy
00 42 39.260 +02 44 14.17   3.3 0.11 0.12 0.018   2.63  # 5.0 0.5  3.2       Center of galaxy (also in IR)
13 24 28.234 +04 46 29.54   2.3 0.14 0.13 0.021   0.14  #                    Center of galaxy
23 35 01.071 +04 53 51.38   3.1 0.10 0.13 0.019   0.23  # 8.7 0.5 10.7       Center of galaxy
23 35 10.457 +04 57 51.00   5.3 0.10 0.22 0.019   0.43  # 9.8 0.5  8.5       Center of galaxy
14 30 52.286 +06 02 09.66   1.5 0.15 0.11 0.025   0.10  #                    Center of galaxy
12 18 08.114 +06 08 22.23   6.0 0.14 0.24 0.018   0.34  #                    Center of galaxy
14 14 30.535 +06 09 55.42   2.1 0.14 0.10 0.020   0.53  #                    Center of galaxy
14 14 20.854 +07 30 58.06   1.6 0.15 0.12 0.025   0.84  # 2.3 0.5  1.4       Center of galaxy
10 51 26.328 +08 17 55.30   2.2 0.14 0.12 0.022   0.13  # 2.4 0.4  0.4       Center of galaxy
22 40 17.262 +08 33 57.07   2.0 0.10 0.15 0.025   0.25  # 9.4 0.9  8.2       Center of galaxy
12 19 52.969 +08 56 15.35   1.8 0.14 0.13 0.025   0.71  #                    Center of galaxy
14 02 55.708 +09 25 14.54   4.4 0.19 0.21 0.020   3.26  # 6.9 0.5  4.5       Center of galaxy
13 34 13.828 +09 38 08.01   2.2 0.15 0.15 0.024   0.44  #                    Center of galaxy
11 39 17.604 +09 57 45.03   2.0 0.14 0.10 0.021   0.55  #                    Center of galaxy
11 41 52.959 +10 18 15.75   2.1 0.14 0.10 0.020   0.14  # 2.9 0.4  1.9       Center of galaxy
12 32 56.778 +11 23 24.64   2.3 0.17 0.16 0.024   0.41  #                    Center of galaxy
13 29 30.908 +11 44 44.77   1.8 0.14 0.12 0.024   0.47  #                    Center of galaxy
11 48 27.531 +12 43 38.39   6.2 0.19 0.14 0.014   0.42  # 8.8 1.0  2.5       Center of galaxy
16 04 28.180 +14 46 56.84   3.7 0.14 0.11 0.016   0.12  # 2.6 0.5 -2.0       Center of galaxy
07 54 26.555 +16 13 05.27   9.8 0.13 0.29 0.016  13.05  #10.5 0.5  1.1       Edge of spiral disk, red (+IR) source
11 39 14.889 +17 08 37.41   6.2 0.14 0.33 0.021   0.39  # 6.6 0.5  0.7  37.3 Center of galaxy
13 32 43.365 +18 10 34.78   2.7 0.15 0.17 0.023   2.28  # 3.8 0.4  2.5       Center of galaxy
11 43 02.141 +19 38 31.29   8.5 0.14 0.55 0.023  27.73  # 6.7 0.5 -3.1       Halo of galaxy, no optical or IR source
11 44 32.113 +20 06 23.67   2.8 0.17 0.19 0.024   0.13  # 3.1 0.4  0.7       Center of galaxy
12 05 29.340 +20 14 48.23   3.1 0.14 0.21 0.024   0.37  # 8.4 1.3  4.0       Center of galaxy
12 04 29.717 +20 18 58.52   2.5 0.14 0.15 0.022   0.79  # 4.4 0.4  4.3       Center of galaxy
12 01 44.901 +20 19 41.84   2.4 0.14 0.15 0.024   0.19  #                    Center of galaxy
11 52 30.543 +20 37 31.62   1.8 0.15 0.10 0.022   0.17  #                    Center of galaxy
11 52 42.608 +20 37 52.89   4.5 0.15 0.26 0.022   0.23  # 5.5 0.4  2.2       Center of galaxy
10 41 52.953 +21 15 09.35   3.1 0.15 0.23 0.025   0.28  # 2.5 0.4 -1.4       Center of galaxy
12 14 53.824 +22 08 22.56   2.0 0.14 0.14 0.024   9.41  #                    Halo of galaxy; no optical or IR source
11 18 06.635 +23 23 50.76   2.1 0.13 0.12 0.022   0.47  #                    Center of galaxy
09 47 10.836 +23 30 51.86   2.3 0.14 0.12 0.021  10.46  #                    Halo/edge of galaxy; no optical or IR source
15 39 27.500 +24 56 51.51   9.3 0.15 0.58 0.023   0.09  #20.1 1.0 10.3       Center of galaxy
12 53 59.118 +26 26 38.68   2.4 0.14 0.16 0.024   0.19  # 4.1 0.5  3.2       Center of galaxy
12 35 41.168 +26 31 22.78   1.9 0.18 0.11 0.022   0.44  #                    Center of galaxy
13 26 51.288 +26 35 28.53   1.7 0.13 0.11 0.023   0.13  # 2.2 0.4  1.1       Center of galaxy
07 59 17.875 +27 04 40.32   1.8 0.14 0.11 0.023   0.09  #                    Center of galaxy
13 19 40.071 +27 42 21.79   3.2 0.13 0.20 0.023   0.03  # 6.0 1.2  2.3       Center of galaxy
13 12 25.858 +28 32 15.74   4.9 0.10 0.26 0.021   0.15  # 5.1 0.4  0.5       Center of galaxy
09 58 40.109 +28 52 38.98   3.5 0.16 0.19 0.021   0.29  # 2.4 0.4 -2.6       Center of galaxy
11 45 58.380 +29 19 57.58   2.0 0.15 0.12 0.023   0.24  #                    Center of galaxy
14 05 28.328 +30 46 02.02   7.8 0.14 0.58 0.025   0.02  # 7.2 0.5 -1.1       Center of galaxy
13 23 59.882 +30 55 56.94   2.5 0.14 0.14 0.022   0.94  # 2.7 0.5  0.5       Center of galaxy
13 23 45.004 +31 33 56.68   3.7 0.15 0.11 0.016   0.19  #158.7 5.1 30.4       Center of galaxy
12 09 09.831 +31 34 10.19   2.5 0.14 0.15 0.023   0.07  # 4.0 0.5  2.8       Center of galaxy
12 38 48.796 +31 59 05.63   4.2 0.15 0.26 0.023   0.06  # 4.8 0.4  1.4       Center of galaxy
12 13 09.305 +32 35 47.07   1.7 0.16 0.13 0.025   0.20  # 2.2 0.4  1.1       Center of galaxy
09 20 36.948 +33 04 29.06   3.2 0.11 0.18 0.022   0.22  # 4.4 0.4  2.9       Center of galaxy
09 19 45.473 +33 44 42.28   3.7 0.14 0.13 0.017   0.30  # 5.0 0.4  2.9       Center of galaxy
09 19 45.473 +33 44 42.28   3.7 0.14 0.24 0.023  24.04  # 5.0 0.4  2.9       Center of galaxy
12 50 52.959 +34 09 24.54   3.3 0.13 0.21 0.023   0.26  # 3.3 0.5  0.0       Center of galaxy
13 34 25.231 +34 41 26.07   1.6 0.15 0.11 0.024   0.53  # 3.6 0.5  3.9  85.8 Center of galaxy
11 11 18.082 +35 23 08.26   1.7 0.16 0.13 0.025   0.52  #                    Center of galaxy
07 59 57.145 +35 48 51.54   6.1 0.15 0.22 0.018   0.02  # 9.2 0.5  5.6       Center of galaxy
08 50 56.603 +36 20 07.65   1.9 0.16 0.14 0.025   0.39  # 3.4 0.4  3.5       Center of galaxy
09 39 17.261 +36 33 44.17   4.8 0.15 0.23 0.020   0.30  # 4.0 0.4 -1.8  13.2 Center of galaxy
10 37 22.113 +37 04 39.35   2.9 0.14 0.19 0.023   1.47  # 4.7 0.5  3.5       Center of galaxy
10 37 37.903 +37 27 20.27   2.2 0.14 0.14 0.023   0.08  # 3.4 0.5  2.2       Center of galaxy
09 50 00.613 +37 34 31.40   1.7 0.15 0.11 0.023   0.11  # 2.8 0.5  2.0       Center of galaxy
09 43 02.176 +37 49 23.37   2.4 0.13 0.14 0.022   0.16  # 2.4 0.4 -0.0       Center of galaxy
10 13 47.920 +38 40 32.19   2.4 0.15 0.12 0.021   0.49  # 2.8 0.4  0.8       Center of galaxy
10 13 51.543 +38 47 02.29   6.2 0.14 0.40 0.023  69.63  # 3.7 0.4 -5.4       Halo of elliptical; assocaited with faint red+IR source
13 37 28.941 +38 58 13.82   3.2 0.22 0.15 0.020   0.40  #                    Center of galaxy
10 15 01.568 +39 39 48.41   1.9 0.13 0.12 0.023   0.32  #                    Center of galaxy
10 55 06.921 +40 34 00.91   2.4 0.14 0.18 0.025   0.52  #                    Center of galaxy
12 25 46.309 +45 17 24.25   3.3 0.13 0.22 0.024   0.44  # 3.8 0.4  1.1       Center of galaxy
13 07 08.149 +46 18 34.24   1.5 0.14 0.11 0.025   0.17  #                    Center of galaxy
10 44 18.973 +52 46 12.56   7.9 0.14 0.58 0.025   0.14  # 5.4 0.4 -5.1       Center of galaxy
07 58 00.444 +52 51 42.18   6.3 0.14 0.26 0.019   0.05  # 7.0 0.5  1.2       Center of galaxy
00 21 51.145 -09 29 32.20   3.3 0.16 0.17 0.021   0.13  # 5.1 0.5  3.4       Center of galaxy
13 46 22.224 -03 25 06.81   3.2 0.19 0.21 0.024   1.33  # 5.5 0.5  4.3       Center of galaxy
14 00 31.163 -02 51 39.17   1.4 0.15 0.10 0.025  91.17  #                    Far from galaxy; no optical or IR source
14 00 37.212 -02 51 28.47   2.9 0.15 0.21 0.025   0.34  # 6.4 0.5  6.6  18.8 Center of galaxy
02 02 03.248 -00 05 18.72   2.3 0.11 0.11 0.020 183.41  #                    Far from galaxy; no optical or IR source
02 55 52.403 +01 04 09.95   3.0 0.14 0.10 0.017  63.90  #                    Fra from galaxy; no optical or IR source
12 03 21.111 +04 13 41.29   2.3 0.22 0.11 0.020  24.70  #                    Far from galaxy; no optical or IR source
12 03 21.026 +04 13 48.54   2.0 0.22 0.10 0.020  25.28  #                    Far from galaxy; no optical or IR source
14 08 04.001 +07 19 40.07   2.8 0.15 0.19 0.024   0.63  # 3.6 0.4  1.7       Center of galaxy
12 26 03.665 +08 15 18.97   5.1 0.15 0.36 0.025   0.39  # 2.9 0.4 -4.7       Center of galaxy
12 01 52.231 +08 29 45.18   2.4 0.14 0.12 0.021  35.46  # 3.4 0.4  2.3       Far from galaxy; no optical or IR source
13 39 26.009 +15 12 46.45   1.9 0.14 0.10 0.021 105.81  #                    Far from galaxy; no optical or IR source
15 59 13.913 +19 43 15.09   5.6 0.15 0.23 0.019 210.97  #11.3 0.5 10.4       Far from galaxy; no optical source; IR source
11 36 19.975 +20 31 18.65   6.9 0.14 0.37 0.021   0.32  # 6.5 0.5 -0.7       Center of galaxy
12 05 48.207 +20 27 48.27   6.9 0.15 0.46 0.024 215.69  #                    Far from galaxy; no optical or IR source
16 29 33.664 +21 47 12.34   3.8 0.15 0.13 0.017  43.63  # 3.7 0.4 -0.2       Far from galaxy; No optical source; Faint IR source
15 34 53.723 +23 28 16.48   5.1 0.14 0.20 0.018 126.21  # 4.4 0.4 -1.6       Center of (another) galaxy
13 26 51.288 +26 35 28.53   1.7 0.13 0.11 0.024   6.41  # 2.2 0.4  1.1       Center of (another) star forming galaxy, with bright nucleus
11 23 11.334 +29 56 29.57   4.0 0.14 0.27 0.024   0.27  # 4.0 0.4  0.1       Center of galaxy
09 52 46.770 +30 02 20.16   3.8 0.13 0.21 0.021  27.11  # 3.1 0.4 -1.7       Far from galaxy;optical red and IR source
09 16 41.894 +30 54 55.35   1.9 0.14 0.12 0.023   0.47  #                    Center of galaxy
12 50 08.706 +33 09 33.34   3.1 0.17 0.20 0.024   0.41  # 7.4 1.1  3.9       Center of galaxy
14 36 23.708 +35 54 19.16   6.0 0.15 0.13 0.014 223.46  # 5.5 0.4 -1.1       Far from galaxy; No optical or IR source
13 56 04.438 +38 18 15.27   2.8 0.14 0.11 0.019   0.26  # 4.8 0.5  3.9       Center of galaxy
08 33 30.775 +41 31 31.89   2.9 0.14 0.21 0.025   0.26  # 2.7 0.4 -0.5       Center of galaxy
13 11 34.032 +44 55 59.05   3.3 0.14 0.24 0.025   0.07  #                    Center of galaxy
10 11 07.608 +46 54 56.00   3.2 0.15 0.23 0.025   0.71  # 3.9 0.4  1.7       Center of galaxy
10 44 38.235 +56 22 11.18   4.5 0.15 0.31 0.024   0.37  # 5.2 0.4  1.5       Center of galaxy
